#Covars (covariate phase for each covs - do not alter this line)
# fracbelow2 # largeZoop_integrated # pH_depthavg # temp_bottom5m # temp_surface5m # fracbelow2_Winter # largeZoop_integrated_Winter # pH_depthavg_Winter # temp_bottom5m_Winter # temp_surface5m_Winter # fracbelow2_Spring # largeZoop_integrated_Spring # pH_depthavg_Spring # temp_bottom5m_Spring # temp_surface5m_Spring # fracbelow2_Summer # largeZoop_integrated_Summer # pH_depthavg_Summer # temp_bottom5m_Summer # temp_surface5m_Summer # fracbelow2_Fall # largeZoop_integrated_Fall # pH_depthavg_Fall # temp_bottom5m_Fall # temp_surface5m_Fall#Models 
#  mnhind #  cesm_ssp126 #  cesm_ssp585
#nEatcovs
1
#Eat_covs
3
#num_runs : number of future temperature simulations
3
#nyrs_fut : number years for the projection data
80
#fut_yrs : projection years for covariates vector(1,nyrs_fut)
2020 2021 2022 2023 2024 2025 2026 2027 2028 2029 2030 2031 2032 2033 2034 2035 2036 2037 2038 2039 2040 2041 2042 2043 2044 2045 2046 2047 2048 2049 2050 2051 2052 2053 2054 2055 2056 2057 2058 2059 2060 2061 2062 2063 2064 2065 2066 2067 2068 2069 2070 2071 2072 2073 2074 2075 2076 2077 2078 2079 2080 2081 2082 2083 2084 2085 2086 2087 2088 2089 2090 2091 2092 2093 2094 2095 2096 2097 2098 2099
#ncov_fut : number of covariates 
25
###########################################################
#  | mn_Hind
#  | cesm_ssp126
#  | cesm_ssp585
###########################################################
#  fracbelow2 : fracbelow2
-0.7924131 -0.7924131 -0.7924131 -0.7924131 -0.7924131 -0.7924131 -0.7924131 -0.7924131 -0.7924131 -0.7924131 -0.7924131 -0.7924131 -0.7924131 -0.7924131 -0.7924131 -0.7924131 -0.7924131 -0.7924131 -0.7924131 -0.7924131 -0.7924131 -0.7924131 -0.7924131 -0.7924131 -0.7924131 -0.7924131 -0.7924131 -0.7924131 -0.7924131 -0.7924131 -0.7924131 -0.7924131 -0.7924131 -0.7924131 -0.7924131 -0.7924131 -0.7924131 -0.7924131 -0.7924131 -0.7924131 -0.7924131 -0.7924131 -0.7924131 -0.7924131 -0.7924131 -0.7924131 -0.7924131 -0.7924131 -0.7924131 -0.7924131 -0.7924131 -0.7924131 -0.7924131 -0.7924131 -0.7924131 -0.7924131 -0.7924131 -0.7924131 -0.7924131 -0.7924131 -0.7924131 -0.7924131 -0.7924131 -0.7924131 -0.7924131 -0.7924131 -0.7924131 -0.7924131 -0.7924131 -0.7924131 -0.7924131 -0.7924131 -0.7924131 -0.7924131 -0.7924131 -0.7924131 -0.7924131 -0.7924131 -0.7924131 -0.7924131
-1.324453 -1.422409 -1.428707 -1.321485 -1.230859 -1.29413 -1.402458 -0.6613307 -1.018048 -0.1165174 -0.4060127 -1.368994 -0.9955582 -0.6234444 -0.02129229 2.852695 0.7457063 -1.152376 -1.348025 -1.145858 -1.335831 -1.443381 -1.364283 -0.7580439 -1.330648 -1.461361 -1.46901 -1.435132 -1.407068 -1.402599 -1.468256 -1.424326 -0.2486525 1.236202 -0.7709919 -0.4058825 -0.04186226 -1.413388 -1.442055 -1.458556 -1.380115 -0.6519533 -1.086879 -1.420002 -1.192414 -1.114215 -1.427376 -1.421 -1.433082 -1.408501 -1.367618 -1.455551 -1.159736 -0.9846174 -1.268107 -1.041256 -1.431939 -1.448538 -1.35683 -1.36858 -1.428256 -1.46595 -1.445646 -1.45728 -1.343408 -1.405089 -1.132097 -1.472088 -1.409736 -1.446259 -1.361102 -1.435194 -1.414712 -1.477223 -1.46913 -1.452606 -1.466284 -1.463226 -1.466558 -1.393355
-0.4475846 -0.9880243 -1.028242 -1.003341 -1.12909 -1.114027 -1.305349 -1.402054 -1.161622 -1.180306 -0.2746833 -0.715438 -1.343064 -1.194427 -0.5623781 -0.5927737 -1.325683 -1.303649 -1.471429 -1.361236 -1.442053 -1.40909 -1.370939 -1.389398 -1.3827 -1.459955 -1.463317 -1.125333 -1.253382 -1.191212 -1.430008 -1.427551 -1.452965 -1.444145 -1.465165 -1.470227 -1.474647 -1.474122 -1.450165 -1.468378 -1.466 -1.470549 -1.459554 -1.451776 -1.466887 -1.350958 -1.461847 -1.462511 -1.44465 -1.438938 -1.47546 -1.476945 -1.476788 -1.47559 -1.466656 -1.421034 -1.470299 -1.438158 -1.295197 -1.435575 -1.471855 -1.476245 -1.477403 -1.456914 -1.475742 -1.473676 -1.473161 -1.470083 -1.47498 -1.431516 -1.476953 -1.477255 -1.477389 -1.477403 -1.470635 -1.466485 -1.476941 -1.477104 -1.476816 -1.47606
#  largeZoop_integrated : largeZoop_integrated
-0.002314215 -0.002314215 -0.002314215 -0.002314215 -0.002314215 -0.002314215 -0.002314215 -0.002314215 -0.002314215 -0.002314215 -0.002314215 -0.002314215 -0.002314215 -0.002314215 -0.002314215 -0.002314215 -0.002314215 -0.002314215 -0.002314215 -0.002314215 -0.002314215 -0.002314215 -0.002314215 -0.002314215 -0.002314215 -0.002314215 -0.002314215 -0.002314215 -0.002314215 -0.002314215 -0.002314215 -0.002314215 -0.002314215 -0.002314215 -0.002314215 -0.002314215 -0.002314215 -0.002314215 -0.002314215 -0.002314215 -0.002314215 -0.002314215 -0.002314215 -0.002314215 -0.002314215 -0.002314215 -0.002314215 -0.002314215 -0.002314215 -0.002314215 -0.002314215 -0.002314215 -0.002314215 -0.002314215 -0.002314215 -0.002314215 -0.002314215 -0.002314215 -0.002314215 -0.002314215 -0.002314215 -0.002314215 -0.002314215 -0.002314215 -0.002314215 -0.002314215 -0.002314215 -0.002314215 -0.002314215 -0.002314215 -0.002314215 -0.002314215 -0.002314215 -0.002314215 -0.002314215 -0.002314215 -0.002314215 -0.002314215 -0.002314215 -0.002314215
0.258126 -0.5006828 -1.608148 -1.556639 2.228196 -0.255092 -3.460222 0.6748523 -0.3003781 0.05410269 0.9208617 -1.166475 -0.8055712 -0.1860191 1.438893 2.557174 0.2949578 -0.8700172 0.2004678 0.8120861 0.1005682 -0.5471887 -0.6939656 0.5251048 -2.151528 -0.5845916 -0.6351965 -0.6311889 0.5803045 -1.287388 -2.160274 -1.428454 0.08418122 0.665558 0.5981153 0.7552299 1.048436 -0.5782594 -1.135883 -2.375888 -1.539512 -1.852972 -1.553574 -1.265084 -0.748523 0.5086867 -0.8069746 -1.398888 -0.2367313 0.1254847 -1.772788 -0.9318432 -0.3254316 0.6807671 0.5044389 -0.378062 -1.23406 0.4042701 -2.305093 -2.400342 -1.13738 -2.390282 -2.229261 -2.76448 -1.93476 -1.5704 -0.372083 -1.11761 -0.1827685 -2.512781 -2.638377 -2.540936 -0.2397078 -1.637644 -0.0950377 -2.226391 -3.74193 -3.628185 -2.15066 -0.3729945
-0.6665857 -1.579156 -1.677955 0.6666941 0.9262913 -0.4081816 -0.6174092 1.15352 0.6341823 -0.5994994 0.07348189 0.2064512 0.255603 0.931921 1.09967 4.267591 -1.084197 -1.576303 -1.000628 0.370457 -1.926223 -0.7503815 -2.52079 -0.8636635 0.5731748 -0.379939 -2.031753 -0.7910334 -0.68268 -0.01553544 -0.1472951 0.439662 0.8902253 -1.97359 -3.533782 -1.325568 -2.135477 -0.3066206 -1.107802 -2.317005 -2.557411 -2.229001 -2.284739 -2.951069 -1.938836 -1.31005 -2.080398 -0.6768426 -1.947794 -2.657055 -1.724164 -3.606649 -2.19163 -2.493415 -0.7216512 -0.6296117 -2.97906 -2.238588 -1.064658 -2.420319 -2.421405 -2.705977 -3.091656 -2.90751 -1.573377 -2.264044 -4.897188 -3.055628 -2.53698 -2.27747 -2.627896 -4.003697 -3.233763 -2.434487 -2.369658 -3.618838 -3.425268 -2.738757 -1.745134 -1.296993
#  pH_depthavg : pH_depthavg
0.9679756 0.9679756 0.9679756 0.9679756 0.9679756 0.9679756 0.9679756 0.9679756 0.9679756 0.9679756 0.9679756 0.9679756 0.9679756 0.9679756 0.9679756 0.9679756 0.9679756 0.9679756 0.9679756 0.9679756 0.9679756 0.9679756 0.9679756 0.9679756 0.9679756 0.9679756 0.9679756 0.9679756 0.9679756 0.9679756 0.9679756 0.9679756 0.9679756 0.9679756 0.9679756 0.9679756 0.9679756 0.9679756 0.9679756 0.9679756 0.9679756 0.9679756 0.9679756 0.9679756 0.9679756 0.9679756 0.9679756 0.9679756 0.9679756 0.9679756 0.9679756 0.9679756 0.9679756 0.9679756 0.9679756 0.9679756 0.9679756 0.9679756 0.9679756 0.9679756 0.9679756 0.9679756 0.9679756 0.9679756 0.9679756 0.9679756 0.9679756 0.9679756 0.9679756 0.9679756 0.9679756 0.9679756 0.9679756 0.9679756 0.9679756 0.9679756 0.9679756 0.9679756 0.9679756 0.9679756
-1.968004 -2.290683 -1.983589 -1.708701 -2.637217 -2.148378 -2.436568 -2.650977 -3.427367 -3.12721 -2.774643 -3.541992 -3.061419 -3.401109 -4.065438 -3.819089 -4.235012 -3.981339 -3.225449 -3.424299 -3.686185 -4.352647 -3.938776 -3.884012 -4.376881 -3.827233 -4.259721 -4.042238 -3.468877 -3.739746 -4.320377 -3.87924 -3.599345 -4.101334 -5.014663 -4.928544 -4.762722 -5.731623 -4.358471 -4.174661 -3.879607 -3.955796 -4.745438 -4.955813 -4.545823 -4.485168 -4.958359 -4.483025 -4.747728 -4.239523 -4.357517 -3.80518 -4.054912 -4.560088 -4.522589 -4.53966 -4.480492 -4.086487 -3.824458 -3.681041 -3.927926 -3.826948 -3.52477 -3.236292 -3.14306 -3.735888 -3.560419 -3.488477 -2.866084 -3.14281 -3.286953 -3.547114 -3.578233 -4.209077 -3.190531 -2.925139 -3.094921 -2.973975 -3.572041 -3.140001
-1.160521 -2.290169 -2.096326 -2.364434 -3.045234 -3.574428 -3.621373 -2.974748 -3.294121 -2.920283 -3.166847 -4.16404 -4.449996 -4.178406 -4.55494 -5.380054 -5.674456 -4.413494 -4.764269 -5.286372 -5.673604 -4.954606 -5.442881 -5.896898 -6.385975 -6.982792 -7.115926 -6.254977 -6.932169 -7.649455 -7.841571 -8.131249 -7.729074 -7.983273 -8.109918 -8.122269 -8.859384 -8.70394 -9.109838 -8.910601 -9.597182 -9.814852 -9.830132 -10.18775 -10.71922 -10.76662 -11.54412 -11.12316 -11.51938 -11.86906 -12.11231 -12.43232 -12.26113 -12.6308 -13.26585 -13.48236 -13.75447 -13.73336 -14.07645 -14.98344 -14.45744 -14.94796 -15.22554 -15.41335 -16.0198 -16.1378 -15.96329 -16.48241 -16.94296 -16.97955 -17.7124 -17.50735 -17.82595 -18.03042 -18.41511 -18.45968 -19.21918 -19.35746 -19.54897 -19.51635
#  temp_bottom5m : temp_bottom5m
0.8788937 0.8788937 0.8788937 0.8788937 0.8788937 0.8788937 0.8788937 0.8788937 0.8788937 0.8788937 0.8788937 0.8788937 0.8788937 0.8788937 0.8788937 0.8788937 0.8788937 0.8788937 0.8788937 0.8788937 0.8788937 0.8788937 0.8788937 0.8788937 0.8788937 0.8788937 0.8788937 0.8788937 0.8788937 0.8788937 0.8788937 0.8788937 0.8788937 0.8788937 0.8788937 0.8788937 0.8788937 0.8788937 0.8788937 0.8788937 0.8788937 0.8788937 0.8788937 0.8788937 0.8788937 0.8788937 0.8788937 0.8788937 0.8788937 0.8788937 0.8788937 0.8788937 0.8788937 0.8788937 0.8788937 0.8788937 0.8788937 0.8788937 0.8788937 0.8788937 0.8788937 0.8788937 0.8788937 0.8788937 0.8788937 0.8788937 0.8788937 0.8788937 0.8788937 0.8788937 0.8788937 0.8788937 0.8788937 0.8788937 0.8788937 0.8788937 0.8788937 0.8788937 0.8788937 0.8788937
2.315536 2.960497 3.667862 2.300448 2.186846 2.302828 3.253923 0.7231872 1.308935 0.3270152 0.2845223 2.556951 1.714282 0.4228596 -0.191352 -1.834977 -1.238806 1.007488 3.048186 2.07692 2.420285 3.13864 2.962852 1.154923 2.461068 4.528441 4.84325 4.114178 4.435788 4.431715 3.558116 4.824122 0.5798271 -1.168628 0.8596727 0.3319373 0.05492096 3.037886 4.286525 5.557691 3.781608 1.249035 1.658922 2.931525 1.905086 2.172535 3.480105 3.658449 4.08632 4.010689 3.324668 4.633838 2.403188 1.566442 2.60867 1.300258 3.21128 4.08731 4.353661 3.951687 5.054695 5.658105 5.326258 5.700404 3.827128 4.189647 2.792742 5.792072 4.73643 4.877542 3.501567 4.493383 3.807554 5.6772 6.103814 6.078857 5.919368 5.335207 5.724008 3.753548
0.1519599 1.549024 1.338163 0.9102883 1.448054 1.235627 2.367819 3.013164 2.089782 1.920684 0.1399949 0.3674417 1.619253 2.033585 0.3899807 0.09520742 2.422987 2.227152 3.94162 3.223206 4.237134 3.24816 2.830098 3.41713 3.031304 4.030745 3.735105 1.76496 2.055007 1.821604 3.894674 3.238118 4.782314 5.751086 5.589457 5.717571 5.361001 5.84124 5.407267 5.626876 5.981287 5.994481 4.903959 4.755082 4.988591 3.166466 4.603213 4.751483 5.390696 4.894529 6.588927 6.576655 6.947782 5.805699 6.597548 5.39427 7.742618 5.342057 3.36073 5.197059 6.805554 7.634133 7.593687 5.648781 6.321154 7.527767 8.524737 7.66218 8.158797 6.285587 9.699349 9.609314 9.586191 9.916718 8.602453 8.812117 8.949153 8.587554 8.286333 8.195395
#  temp_surface5m : temp_surface5m
0.7379811 0.7379811 0.7379811 0.7379811 0.7379811 0.7379811 0.7379811 0.7379811 0.7379811 0.7379811 0.7379811 0.7379811 0.7379811 0.7379811 0.7379811 0.7379811 0.7379811 0.7379811 0.7379811 0.7379811 0.7379811 0.7379811 0.7379811 0.7379811 0.7379811 0.7379811 0.7379811 0.7379811 0.7379811 0.7379811 0.7379811 0.7379811 0.7379811 0.7379811 0.7379811 0.7379811 0.7379811 0.7379811 0.7379811 0.7379811 0.7379811 0.7379811 0.7379811 0.7379811 0.7379811 0.7379811 0.7379811 0.7379811 0.7379811 0.7379811 0.7379811 0.7379811 0.7379811 0.7379811 0.7379811 0.7379811 0.7379811 0.7379811 0.7379811 0.7379811 0.7379811 0.7379811 0.7379811 0.7379811 0.7379811 0.7379811 0.7379811 0.7379811 0.7379811 0.7379811 0.7379811 0.7379811 0.7379811 0.7379811 0.7379811 0.7379811 0.7379811 0.7379811 0.7379811 0.7379811
1.845208 2.748152 3.203934 2.143298 1.274079 2.002693 3.52323 0.2070077 1.398933 0.6772945 0.502665 2.805951 2.08408 0.3984119 0.3647887 -1.218563 0.1664073 1.89304 2.192875 1.643873 2.246495 2.659911 2.676566 1.55991 2.978012 3.971472 4.680821 4.152894 4.130713 3.444082 3.815798 4.805076 0.4006129 -0.4941234 1.160938 0.6065801 1.055435 2.777885 4.926356 5.93443 3.658418 1.993999 1.768762 3.872735 1.718374 2.532504 3.472783 4.02427 3.926772 3.845811 3.57073 4.194965 2.548526 0.9725552 2.189352 1.677546 3.60598 3.797312 4.503795 4.099278 4.400137 5.465527 5.305371 5.46022 3.643523 4.304722 3.169474 5.606718 5.533587 5.061576 3.330839 4.961733 4.725985 5.701356 6.353253 6.273949 6.297367 5.168382 5.724687 4.171754
0.3766843 1.232635 1.346176 0.951019 1.347215 1.712383 2.191535 2.728936 2.270145 1.205423 0.08164638 0.9736608 2.01462 2.121144 -0.4532236 0.2277422 3.432663 2.790461 3.539588 2.379108 4.550113 3.873474 3.80524 3.462416 2.911962 3.566974 4.397589 3.04602 1.876709 2.386165 4.321171 3.080561 4.834293 5.235886 5.931799 4.862031 5.635348 5.211555 4.821313 5.290807 6.348752 6.33016 4.911321 5.423845 4.80231 3.508826 4.497799 4.686083 5.803032 5.793519 5.95468 6.71706 6.781 5.106232 6.603357 5.772921 7.643593 5.620515 3.928346 5.72149 7.704665 7.048933 7.527226 6.099191 6.605548 7.761451 8.990412 8.270365 7.75211 6.900908 8.66442 10.4838 9.14096 10.04918 8.141563 9.651195 9.607661 8.347896 9.255491 8.266113
#  fracbelow2_Winter : fracbelow2_Winter
-0.7875172 -0.7875172 -0.7875172 -0.7875172 -0.7875172 -0.7875172 -0.7875172 -0.7875172 -0.7875172 -0.7875172 -0.7875172 -0.7875172 -0.7875172 -0.7875172 -0.7875172 -0.7875172 -0.7875172 -0.7875172 -0.7875172 -0.7875172 -0.7875172 -0.7875172 -0.7875172 -0.7875172 -0.7875172 -0.7875172 -0.7875172 -0.7875172 -0.7875172 -0.7875172 -0.7875172 -0.7875172 -0.7875172 -0.7875172 -0.7875172 -0.7875172 -0.7875172 -0.7875172 -0.7875172 -0.7875172 -0.7875172 -0.7875172 -0.7875172 -0.7875172 -0.7875172 -0.7875172 -0.7875172 -0.7875172 -0.7875172 -0.7875172 -0.7875172 -0.7875172 -0.7875172 -0.7875172 -0.7875172 -0.7875172 -0.7875172 -0.7875172 -0.7875172 -0.7875172 -0.7875172 -0.7875172 -0.7875172 -0.7875172 -0.7875172 -0.7875172 -0.7875172 -0.7875172 -0.7875172 -0.7875172 -0.7875172 -0.7875172 -0.7875172 -0.7875172 -0.7875172 -0.7875172 -0.7875172 -0.7875172 -0.7875172 -0.7875172
-1.685669 -2.245245 -2.297547 -1.923176 -1.124982 -2.055046 -2.109102 -1.116513 -1.003194 -0.5718874 -0.5917765 -2.040441 -1.888317 -0.005821302 0.6606402 0.6966032 1.622632 -1.68211 -1.903086 -1.212778 -2.001722 -2.367225 -2.131595 -0.831182 -1.973964 -2.368041 -2.282702 -2.299395 -2.125238 -2.132773 -2.4029 -2.347198 -0.7109085 1.659931 -0.1740977 0.1446945 -0.491354 -1.981444 -2.266918 -2.430892 -2.10432 -1.451505 -1.518524 -2.089364 -1.719453 -1.009415 -2.216706 -2.224642 -2.228211 -2.288795 -1.949913 -2.364941 -1.208447 -1.62471 -1.649311 -1.300841 -2.247866 -2.311013 -2.127034 -2.001494 -1.994328 -2.387578 -2.311019 -2.414809 -1.938604 -2.014169 -1.417626 -2.432007 -2.141884 -2.304757 -2.035589 -2.086225 -2.139266 -2.444911 -2.429855 -2.319709 -2.444286 -2.389605 -2.390669 -2.277721
-0.05542026 -0.5964764 -2.11177 -1.732289 -0.7516289 -1.105989 -1.813988 -2.208937 -1.088689 -1.896537 -0.2858987 -0.2501571 -2.007661 -1.936488 -1.110013 0.4220501 -1.904692 -1.799704 -2.426629 -2.065706 -2.328137 -2.170416 -2.041872 -2.082395 -2.199587 -2.36228 -2.245146 -1.536594 -1.788577 -1.595708 -2.308233 -2.369052 -2.115039 -2.276678 -2.392599 -2.40933 -2.437198 -2.274055 -2.309232 -2.400979 -2.387833 -2.410964 -2.400969 -2.151321 -2.433861 -2.076444 -2.366867 -2.390526 -2.278377 -2.336659 -2.435942 -2.4436 -2.442697 -2.441527 -2.286073 -2.199429 -2.414385 -2.40423 -1.92426 -2.232786 -2.201639 -2.439936 -2.445822 -2.350387 -2.44089 -2.271362 -2.445822 -2.408628 -2.445267 -2.223743 -2.445822 -2.291884 -2.445756 -2.445822 -2.430884 -2.390294 -2.445759 -2.44448 -2.44284 -2.438993
#  largeZoop_integrated_Winter : largeZoop_integrated_Winter
-0.4420805 -0.4420805 -0.4420805 -0.4420805 -0.4420805 -0.4420805 -0.4420805 -0.4420805 -0.4420805 -0.4420805 -0.4420805 -0.4420805 -0.4420805 -0.4420805 -0.4420805 -0.4420805 -0.4420805 -0.4420805 -0.4420805 -0.4420805 -0.4420805 -0.4420805 -0.4420805 -0.4420805 -0.4420805 -0.4420805 -0.4420805 -0.4420805 -0.4420805 -0.4420805 -0.4420805 -0.4420805 -0.4420805 -0.4420805 -0.4420805 -0.4420805 -0.4420805 -0.4420805 -0.4420805 -0.4420805 -0.4420805 -0.4420805 -0.4420805 -0.4420805 -0.4420805 -0.4420805 -0.4420805 -0.4420805 -0.4420805 -0.4420805 -0.4420805 -0.4420805 -0.4420805 -0.4420805 -0.4420805 -0.4420805 -0.4420805 -0.4420805 -0.4420805 -0.4420805 -0.4420805 -0.4420805 -0.4420805 -0.4420805 -0.4420805 -0.4420805 -0.4420805 -0.4420805 -0.4420805 -0.4420805 -0.4420805 -0.4420805 -0.4420805 -0.4420805 -0.4420805 -0.4420805 -0.4420805 -0.4420805 -0.4420805 -0.4420805
-0.2035753 0.6722257 0.4274377 -0.2602853 1.651923 0.3492444 -0.3585211 0.2616303 -0.659004 0.06150598 -0.06612715 -0.04797467 0.1818101 -0.4361675 0.3169871 -0.8040981 0.0975212 1.83163 0.222696 -0.5697757 -0.5446338 0.5800654 0.3004685 -0.2546417 -0.002782095 0.3927653 -0.4381664 -0.08779377 -0.2527378 -0.9869442 -0.2257775 0.3336219 0.01068402 -0.7074922 -0.0552781 0.8694382 0.2350647 0.2025354 1.778259 0.4949006 0.1103301 -0.2947555 1.455683 0.3305246 0.1834302 -0.6448968 0.9372814 0.3228396 -0.2382039 0.6306008 -0.5685005 0.6956587 -0.3478638 -0.5246224 -0.5972284 -0.2576615 0.3208751 0.726371 -0.197502 -0.1287043 0.3674216 0.2486795 -0.2901469 0.5597201 -0.4915973 -0.4687724 0.5273094 0.5846857 0.02247203 -0.4017873 -0.3327777 -0.2903764 1.465328 0.3167321 2.566463 -0.1113935 -0.1103254 0.5093005 2.394386 0.8599368
-0.5819332 0.8440986 0.002931118 0.007905566 -0.1851354 0.861362 1.072232 -0.3378773 0.7162509 -0.153168 -0.2034333 -0.05604205 0.5657418 0.7617288 -0.4161273 -0.318129 1.408851 0.1788709 1.686669 -0.1791271 0.2700928 1.136024 -0.2482458 1.181277 0.102213 1.317109 -0.2026554 -0.2766546 0.289272 0.2052027 -0.1898808 1.036372 0.5787518 -0.08375711 1.734934 0.3803012 0.8248576 0.1352174 0.7454913 -0.03738187 0.5365789 0.7218107 0.03574103 0.1861387 0.7538166 -0.5129185 0.5112163 0.1950846 -0.5953318 0.4809372 1.410958 -0.03080263 1.030671 -0.3266432 0.08271304 -0.1793613 -0.05962775 0.5302005 -0.887192 -0.3717814 0.2702238 -0.007428021 0.09990327 0.2803995 0.3515417 0.7675547 1.655744 1.033683 -0.1219166 0.5262942 0.0734468 -0.5247226 0.747675 0.7692523 -0.3527093 0.3146291 1.066375 0.4832858 0.8819676 0.9241733
#  pH_depthavg_Winter : pH_depthavg_Winter
0.8913224 0.8913224 0.8913224 0.8913224 0.8913224 0.8913224 0.8913224 0.8913224 0.8913224 0.8913224 0.8913224 0.8913224 0.8913224 0.8913224 0.8913224 0.8913224 0.8913224 0.8913224 0.8913224 0.8913224 0.8913224 0.8913224 0.8913224 0.8913224 0.8913224 0.8913224 0.8913224 0.8913224 0.8913224 0.8913224 0.8913224 0.8913224 0.8913224 0.8913224 0.8913224 0.8913224 0.8913224 0.8913224 0.8913224 0.8913224 0.8913224 0.8913224 0.8913224 0.8913224 0.8913224 0.8913224 0.8913224 0.8913224 0.8913224 0.8913224 0.8913224 0.8913224 0.8913224 0.8913224 0.8913224 0.8913224 0.8913224 0.8913224 0.8913224 0.8913224 0.8913224 0.8913224 0.8913224 0.8913224 0.8913224 0.8913224 0.8913224 0.8913224 0.8913224 0.8913224 0.8913224 0.8913224 0.8913224 0.8913224 0.8913224 0.8913224 0.8913224 0.8913224 0.8913224 0.8913224
-1.667482 -1.845903 -1.682178 -1.164228 -1.193984 -2.11192 -1.619454 -1.544807 -2.327031 -2.413775 -2.153648 -2.699957 -2.365084 -2.310092 -2.885056 -3.064258 -3.254102 -3.536416 -2.53967 -2.244333 -2.734886 -3.325478 -3.362305 -2.65497 -3.62024 -3.036501 -3.123357 -3.155746 -2.698205 -2.432334 -3.360715 -3.146685 -2.239707 -2.733631 -3.988392 -3.547272 -3.734915 -4.451102 -3.784494 -3.084603 -2.812022 -2.670357 -3.491686 -3.9594 -3.683532 -3.270987 -3.587687 -3.474412 -3.477812 -3.33004 -3.198789 -3.182774 -2.592909 -3.506505 -3.461048 -3.262542 -3.681029 -3.326181 -2.668908 -2.548348 -2.588027 -2.862706 -2.717529 -2.511958 -1.893822 -2.565554 -2.408832 -2.941769 -1.838883 -2.215122 -2.221014 -2.485151 -2.649461 -3.168218 -3.121389 -2.037219 -2.439569 -1.976893 -2.503103 -2.550493
-0.2697244 -1.342511 -1.665912 -1.851631 -2.089644 -2.36078 -2.844228 -2.443144 -2.27676 -2.337514 -2.082625 -2.974901 -3.682892 -3.322426 -3.164677 -3.807465 -4.664977 -3.402903 -3.859433 -3.786457 -4.620839 -4.14945 -4.236035 -4.349311 -4.928896 -5.370182 -5.599907 -4.86293 -5.127645 -5.515851 -6.170468 -6.214991 -6.39079 -5.930391 -6.207565 -6.135768 -6.765732 -6.698961 -6.763891 -6.849146 -7.056797 -7.571982 -7.677827 -7.592487 -7.990628 -8.250703 -8.788321 -8.666726 -8.790717 -9.026213 -9.283047 -9.419753 -9.450842 -9.588396 -9.927955 -10.28852 -10.57951 -10.44923 -10.67893 -11.43589 -11.02199 -11.25472 -11.70027 -11.83964 -12.10008 -12.15847 -12.44477 -12.34833 -12.86027 -12.85883 -13.46089 -13.28757 -13.59219 -13.75573 -13.9322 -14.26299 -14.5378 -14.53275 -14.84552 -14.93479
#  temp_bottom5m_Winter : temp_bottom5m_Winter
0.8071621 0.8071621 0.8071621 0.8071621 0.8071621 0.8071621 0.8071621 0.8071621 0.8071621 0.8071621 0.8071621 0.8071621 0.8071621 0.8071621 0.8071621 0.8071621 0.8071621 0.8071621 0.8071621 0.8071621 0.8071621 0.8071621 0.8071621 0.8071621 0.8071621 0.8071621 0.8071621 0.8071621 0.8071621 0.8071621 0.8071621 0.8071621 0.8071621 0.8071621 0.8071621 0.8071621 0.8071621 0.8071621 0.8071621 0.8071621 0.8071621 0.8071621 0.8071621 0.8071621 0.8071621 0.8071621 0.8071621 0.8071621 0.8071621 0.8071621 0.8071621 0.8071621 0.8071621 0.8071621 0.8071621 0.8071621 0.8071621 0.8071621 0.8071621 0.8071621 0.8071621 0.8071621 0.8071621 0.8071621 0.8071621 0.8071621 0.8071621 0.8071621 0.8071621 0.8071621 0.8071621 0.8071621 0.8071621 0.8071621 0.8071621 0.8071621 0.8071621 0.8071621 0.8071621 0.8071621
1.454086 2.646302 2.817411 2.167978 0.6996748 2.356482 2.648831 0.7839267 0.5635048 0.1597032 0.1718331 1.766347 1.833793 -0.3170385 -0.8252436 -0.8669734 -1.432225 0.7963359 1.922288 0.9536603 2.284882 3.161988 2.835317 0.7527409 2.114041 4.0145 4.65816 3.59954 3.093831 3.669233 3.867724 4.821387 0.7343806 -1.583665 -0.1433183 -0.250869 0.2147632 2.021324 3.323427 4.93866 3.756127 1.594675 1.460944 2.701421 1.918144 1.014955 2.539067 3.548027 3.25269 3.372212 2.733812 3.975178 1.534827 1.724335 1.64716 1.021547 2.760378 3.735197 3.21248 2.952118 3.675076 4.810181 5.502666 5.49552 3.135481 3.468952 1.805247 5.168686 4.045202 4.788582 3.375429 4.011694 2.912733 5.011815 5.84766 5.391814 5.894839 4.759252 5.005439 4.753832
-0.3108159 0.3176855 2.29024 1.569147 0.4148047 0.7076037 1.500751 2.747758 1.020208 2.489321 -0.04389661 -0.1606346 1.35934 1.860976 0.7127198 -0.638966 1.578494 2.041918 3.778946 2.807338 3.721737 3.472624 2.813788 2.433326 2.983634 3.755326 4.115911 1.794206 1.870249 1.545601 3.525489 3.671733 3.563427 4.539184 4.756181 5.233052 5.279509 5.308429 4.527482 5.335352 5.270816 5.773828 5.816688 4.092712 4.855109 3.388977 3.585769 4.599867 4.353603 5.398632 6.11822 6.251361 6.386752 6.172633 5.626934 4.183977 6.13801 5.884777 3.316701 3.910482 5.88554 6.807101 7.366325 5.719331 5.997831 6.239924 8.196941 6.474062 7.967142 5.235234 8.367525 9.342345 8.797023 9.31356 7.887188 7.367369 9.040421 8.264291 7.536898 7.885978
#  temp_surface5m_Winter : temp_surface5m_Winter
1.001249 1.001249 1.001249 1.001249 1.001249 1.001249 1.001249 1.001249 1.001249 1.001249 1.001249 1.001249 1.001249 1.001249 1.001249 1.001249 1.001249 1.001249 1.001249 1.001249 1.001249 1.001249 1.001249 1.001249 1.001249 1.001249 1.001249 1.001249 1.001249 1.001249 1.001249 1.001249 1.001249 1.001249 1.001249 1.001249 1.001249 1.001249 1.001249 1.001249 1.001249 1.001249 1.001249 1.001249 1.001249 1.001249 1.001249 1.001249 1.001249 1.001249 1.001249 1.001249 1.001249 1.001249 1.001249 1.001249 1.001249 1.001249 1.001249 1.001249 1.001249 1.001249 1.001249 1.001249 1.001249 1.001249 1.001249 1.001249 1.001249 1.001249 1.001249 1.001249 1.001249 1.001249 1.001249 1.001249 1.001249 1.001249 1.001249 1.001249
1.593748 2.446279 2.642137 2.257398 0.6779361 2.282656 2.562503 0.6497503 0.5949826 0.1330193 0.4350266 1.785021 1.774246 -0.07350419 -0.8616276 -0.8170824 -1.362626 0.7595101 2.034976 1.213452 2.284338 2.815587 2.639502 0.9147275 1.796078 3.860976 4.335648 3.412933 3.090541 3.615915 3.288042 4.568788 0.8345417 -1.287174 -0.9717438 -0.471762 0.3579838 1.642624 3.145489 4.68257 3.709874 1.640677 1.271971 2.249102 1.725678 1.175067 2.179952 3.443476 3.160731 3.145819 2.767273 3.725603 1.756478 1.498174 1.68592 1.142181 2.54259 3.457039 3.161776 3.03278 3.56763 4.542772 5.230199 5.154968 3.196712 3.305998 1.768551 4.86665 4.035741 4.604575 3.168983 3.798246 2.489022 4.501356 5.333749 5.064343 5.418951 4.453571 4.475644 4.299964
0.03702599 0.07425439 2.175564 1.376253 0.3628129 0.5189015 1.328509 2.741615 1.184373 2.260761 0.2938286 -0.1995024 1.237146 1.783041 0.7303453 -0.7198234 1.413883 2.166016 3.506246 2.733579 3.337093 3.369675 2.57467 2.170395 2.590457 3.359003 3.507262 1.93439 1.790267 1.306996 3.351005 3.396353 3.351127 4.345499 4.397491 4.984867 4.575974 4.955595 4.355759 5.08667 5.011138 5.302757 5.399071 3.845368 4.415476 3.348891 3.316125 4.280345 4.198593 5.002003 5.671705 5.762527 5.962831 5.736308 5.251485 4.065611 5.820857 5.573376 3.385211 3.704845 5.503512 6.382552 6.789652 5.376296 5.51596 5.756679 7.483101 6.047553 7.29412 5.089837 7.673352 8.395005 8.076753 8.556656 7.299615 6.792765 8.194095 7.596648 6.943213 7.205248
#  fracbelow2_Spring : fracbelow2_Spring
-0.6986728 -0.6986728 -0.6986728 -0.6986728 -0.6986728 -0.6986728 -0.6986728 -0.6986728 -0.6986728 -0.6986728 -0.6986728 -0.6986728 -0.6986728 -0.6986728 -0.6986728 -0.6986728 -0.6986728 -0.6986728 -0.6986728 -0.6986728 -0.6986728 -0.6986728 -0.6986728 -0.6986728 -0.6986728 -0.6986728 -0.6986728 -0.6986728 -0.6986728 -0.6986728 -0.6986728 -0.6986728 -0.6986728 -0.6986728 -0.6986728 -0.6986728 -0.6986728 -0.6986728 -0.6986728 -0.6986728 -0.6986728 -0.6986728 -0.6986728 -0.6986728 -0.6986728 -0.6986728 -0.6986728 -0.6986728 -0.6986728 -0.6986728 -0.6986728 -0.6986728 -0.6986728 -0.6986728 -0.6986728 -0.6986728 -0.6986728 -0.6986728 -0.6986728 -0.6986728 -0.6986728 -0.6986728 -0.6986728 -0.6986728 -0.6986728 -0.6986728 -0.6986728 -0.6986728 -0.6986728 -0.6986728 -0.6986728 -0.6986728 -0.6986728 -0.6986728 -0.6986728 -0.6986728 -0.6986728 -0.6986728 -0.6986728 -0.6986728
-1.400086 -1.366933 -1.396629 -1.315295 -1.505937 -1.272902 -1.385689 -0.3057425 -0.9864592 -0.09921134 -0.07253256 -1.400398 -0.9883956 -0.6512238 0.3306566 2.488643 0.7258487 -1.047955 -1.376959 -1.15095 -1.300669 -1.393606 -1.347787 -0.6739098 -1.284757 -1.404479 -1.405636 -1.393316 -1.399153 -1.366685 -1.404985 -1.406206 0.4216098 0.9566268 -0.7825737 -0.4385489 0.3362487 -1.405774 -1.405697 -1.406206 -1.337342 -0.4147073 -0.7979838 -1.383218 -1.187472 -1.175962 -1.393802 -1.372055 -1.405662 -1.3575 -1.378627 -1.406191 -1.228023 -0.7484599 -1.236725 -0.8267023 -1.386881 -1.399469 -1.399652 -1.380256 -1.590549 -1.406206 -1.390545 -1.375077 -1.32881 -1.398166 -1.066082 -1.406206 -1.382642 -1.396043 -1.306506 -1.392966 -1.39907 -1.406205 -1.406195 -1.406205 -1.406206 -1.406194 -1.406206 -1.303132
-0.3215136 -1.123869 -0.7849671 -0.6990648 -1.438722 -1.15446 -1.297755 -1.326533 -1.243533 -1.093177 -0.04618169 -0.5356471 -1.288396 -1.159574 0.1112522 -0.4586381 -1.35083 -1.270707 -1.403933 -1.283977 -1.406187 -1.364045 -1.365187 -1.394668 -1.272029 -1.403526 -1.395904 -0.9753288 -1.190827 -1.108286 -1.401358 -1.375084 -1.590827 -1.406206 -1.406166 -1.406206 -1.406095 -1.406206 -1.405676 -1.406206 -1.406206 -1.406206 -1.379642 -1.405886 -1.401416 -1.253699 -1.406113 -1.401956 -1.406202 -1.355504 -1.406206 -1.406187 -1.406206 -1.405766 -1.406206 -1.391508 -1.406206 -1.36062 -1.171781 -1.405871 -1.59086 -1.406206 -1.406206 -1.401066 -1.406175 -1.406199 -1.406206 -1.406187 -1.406084 -1.399583 -1.406206 -1.406206 -1.406206 -1.406206 -1.406206 -1.406206 -1.406206 -1.406206 -1.406205 -1.406206
#  largeZoop_integrated_Spring : largeZoop_integrated_Spring
0.2978527 0.2978527 0.2978527 0.2978527 0.2978527 0.2978527 0.2978527 0.2978527 0.2978527 0.2978527 0.2978527 0.2978527 0.2978527 0.2978527 0.2978527 0.2978527 0.2978527 0.2978527 0.2978527 0.2978527 0.2978527 0.2978527 0.2978527 0.2978527 0.2978527 0.2978527 0.2978527 0.2978527 0.2978527 0.2978527 0.2978527 0.2978527 0.2978527 0.2978527 0.2978527 0.2978527 0.2978527 0.2978527 0.2978527 0.2978527 0.2978527 0.2978527 0.2978527 0.2978527 0.2978527 0.2978527 0.2978527 0.2978527 0.2978527 0.2978527 0.2978527 0.2978527 0.2978527 0.2978527 0.2978527 0.2978527 0.2978527 0.2978527 0.2978527 0.2978527 0.2978527 0.2978527 0.2978527 0.2978527 0.2978527 0.2978527 0.2978527 0.2978527 0.2978527 0.2978527 0.2978527 0.2978527 0.2978527 0.2978527 0.2978527 0.2978527 0.2978527 0.2978527 0.2978527 0.2978527
1.78704 0.7625029 0.7401035 -0.4477325 2.49422 1.807384 -1.003771 0.4395499 0.9393458 -0.3539702 1.083948 0.9753698 0.4543436 0.7319331 0.7919973 -0.09325371 0.5835451 0.05861418 1.785996 1.99149 1.632371 0.3559548 0.8266218 0.6640668 -0.334506 0.6779513 1.142366 1.209438 2.211887 1.371087 -0.4030092 0.6980119 0.1736028 -0.2298733 1.174266 0.3790433 0.4690624 1.262145 1.214832 0.4086473 1.21009 -0.08615121 0.2007481 0.5255254 1.028783 1.155302 1.507381 0.05984227 1.461909 1.293108 0.3499638 1.292203 0.9574387 0.5301244 1.997029 0.2579383 0.8032084 1.143404 -0.3394399 0.4724486 2.444535 0.8819113 0.4884842 -0.1577452 0.8650693 -0.00446505 1.393657 1.630734 1.689084 0.06296125 -0.1857786 -0.4397111 2.093995 0.9921074 2.326082 0.6601382 -0.6942684 -0.292826 0.7006807 1.913655
0.2114723 0.2719994 -0.5315597 0.4199003 1.173959 0.6382714 1.29536 1.809183 0.6882876 0.5264905 1.010485 1.551483 0.3024208 -0.1680723 0.08602097 1.480253 1.151341 0.5724608 -0.02696192 2.372819 0.1452564 1.07092 -0.292857 1.359721 0.9457539 1.231347 -0.2280458 0.4117593 0.6378731 1.030981 -0.04907649 0.5898863 3.884769 0.1557818 -0.6202481 0.6950697 0.7636517 1.682152 1.098567 -0.1865537 0.5803555 0.5141283 0.1842122 -0.4563893 -0.07455802 0.9131717 0.3231402 0.7469067 0.658368 0.2378835 0.9676006 -0.5568237 0.688796 -0.1110232 1.3199 0.8708586 0.2342715 -0.4313966 0.8882567 0.5459988 1.006098 0.7365989 -0.08545982 -0.04230874 1.82714 1.179708 -1.360031 -0.2929594 0.4560379 0.7475525 0.6264566 -0.465283 0.6429387 0.992786 1.076141 0.08193934 0.03034654 0.7857798 1.535797 1.220513
#  pH_depthavg_Spring : pH_depthavg_Spring
0.9618574 0.9618574 0.9618574 0.9618574 0.9618574 0.9618574 0.9618574 0.9618574 0.9618574 0.9618574 0.9618574 0.9618574 0.9618574 0.9618574 0.9618574 0.9618574 0.9618574 0.9618574 0.9618574 0.9618574 0.9618574 0.9618574 0.9618574 0.9618574 0.9618574 0.9618574 0.9618574 0.9618574 0.9618574 0.9618574 0.9618574 0.9618574 0.9618574 0.9618574 0.9618574 0.9618574 0.9618574 0.9618574 0.9618574 0.9618574 0.9618574 0.9618574 0.9618574 0.9618574 0.9618574 0.9618574 0.9618574 0.9618574 0.9618574 0.9618574 0.9618574 0.9618574 0.9618574 0.9618574 0.9618574 0.9618574 0.9618574 0.9618574 0.9618574 0.9618574 0.9618574 0.9618574 0.9618574 0.9618574 0.9618574 0.9618574 0.9618574 0.9618574 0.9618574 0.9618574 0.9618574 0.9618574 0.9618574 0.9618574 0.9618574 0.9618574 0.9618574 0.9618574 0.9618574 0.9618574
-1.524484 -1.831671 -1.827911 -1.656406 -1.963475 -1.931664 -2.51276 -2.11416 -2.714809 -2.555566 -2.187248 -3.036324 -2.418499 -2.630795 -3.034482 -3.162808 -3.564049 -3.58662 -2.891292 -2.967585 -3.161983 -3.504679 -3.308121 -3.314314 -3.995557 -3.188034 -3.565586 -3.516407 -3.148265 -3.319417 -4.136675 -3.541582 -3.195648 -3.640073 -4.480832 -4.005681 -3.792236 -4.855284 -3.974614 -4.175 -3.279336 -3.467241 -3.940745 -4.381077 -3.54032 -3.930521 -4.304939 -3.934574 -4.016768 -3.810017 -3.877719 -3.578115 -3.65751 -3.593822 -3.702152 -3.878719 -3.84038 -3.778116 -4.060133 -3.59406 -3.610476 -3.470979 -3.308874 -3.457558 -2.98462 -3.734109 -3.283974 -3.409468 -2.956795 -3.224458 -3.124397 -3.508195 -3.282403 -3.265149 -2.904223 -2.896235 -3.391692 -3.051543 -3.436117 -2.358321
-1.187037 -2.420718 -1.781205 -1.997804 -2.260908 -2.931412 -2.936756 -2.121207 -3.069673 -2.637018 -2.719837 -3.326149 -3.522692 -3.485647 -3.810754 -4.133519 -5.044286 -3.424525 -4.423 -3.971375 -4.861864 -3.91992 -5.059189 -4.86497 -5.331369 -5.266723 -6.052354 -5.721068 -5.973796 -6.619988 -7.002387 -6.727995 -6.129505 -7.168031 -7.587781 -7.032122 -7.959302 -7.409107 -8.345621 -8.385066 -8.811797 -9.012072 -8.890148 -9.52321 -9.779114 -9.51087 -10.33534 -9.739053 -10.30783 -10.82986 -10.95335 -11.52724 -11.26569 -11.31211 -11.76978 -12.36044 -12.90445 -12.58507 -12.81709 -13.58343 -13.12231 -13.65653 -13.85414 -13.97528 -14.19811 -14.70936 -15.00243 -15.42555 -15.58581 -15.56481 -15.94277 -16.09855 -16.40117 -16.45156 -16.84049 -16.72983 -17.5341 -17.52592 -17.56779 -17.76156
#  temp_bottom5m_Spring : temp_bottom5m_Spring
0.6740139 0.6740139 0.6740139 0.6740139 0.6740139 0.6740139 0.6740139 0.6740139 0.6740139 0.6740139 0.6740139 0.6740139 0.6740139 0.6740139 0.6740139 0.6740139 0.6740139 0.6740139 0.6740139 0.6740139 0.6740139 0.6740139 0.6740139 0.6740139 0.6740139 0.6740139 0.6740139 0.6740139 0.6740139 0.6740139 0.6740139 0.6740139 0.6740139 0.6740139 0.6740139 0.6740139 0.6740139 0.6740139 0.6740139 0.6740139 0.6740139 0.6740139 0.6740139 0.6740139 0.6740139 0.6740139 0.6740139 0.6740139 0.6740139 0.6740139 0.6740139 0.6740139 0.6740139 0.6740139 0.6740139 0.6740139 0.6740139 0.6740139 0.6740139 0.6740139 0.6740139 0.6740139 0.6740139 0.6740139 0.6740139 0.6740139 0.6740139 0.6740139 0.6740139 0.6740139 0.6740139 0.6740139 0.6740139 0.6740139 0.6740139 0.6740139 0.6740139 0.6740139 0.6740139 0.6740139
2.377313 2.187845 3.107072 1.942929 1.957437 2.007578 2.795119 0.2382762 1.044117 0.1242921 0.01036177 2.435077 1.240352 0.4194177 -0.2434216 -1.973112 -0.9096513 0.8475875 2.643558 1.464248 1.904358 2.583382 2.426216 0.7938118 1.673782 3.761194 3.979088 3.267997 3.527748 3.33175 2.572483 4.116184 -0.1735846 -1.093014 0.7555988 0.4420642 -0.1974117 2.602687 3.543612 4.609771 2.761406 0.574486 0.862409 2.302961 1.485648 1.66982 2.832257 2.77174 3.340165 3.181682 2.717154 3.854767 2.088206 0.656381 2.11676 0.9352034 2.592202 3.057906 3.70665 2.978927 4.219607 4.493944 3.720158 4.155775 2.910769 3.386528 1.919972 4.54588 3.38881 3.753265 2.45679 3.54611 3.008718 4.524564 4.620964 4.793429 4.715041 4.587037 4.800057 2.643582
0.139815 1.478821 0.7945436 0.5056421 1.489532 1.191576 2.035498 2.334525 1.794538 1.302357 -0.01433754 0.3609197 1.451748 1.719093 -0.1993758 0.1508047 2.228624 1.71735 3.127007 2.195217 3.598486 2.559054 2.402607 2.918603 2.131117 3.141086 2.782979 1.300643 1.495738 1.315094 3.199804 2.503693 4.077096 4.777095 4.423553 4.650903 4.075668 4.520804 4.15936 4.44943 4.628576 4.547525 3.413071 3.641548 3.775792 2.268104 3.740833 3.315428 4.21935 3.167023 5.135169 4.836436 5.330573 4.049583 5.283154 3.782513 6.372695 3.507896 2.3527 3.812606 5.308346 5.94285 5.627405 3.880298 4.608128 5.565705 6.51372 5.436724 5.860756 4.449437 7.05413 7.012174 7.177085 7.544973 6.273759 6.691444 6.296418 6.150771 5.792905 5.949603
#  temp_surface5m_Spring : temp_surface5m_Spring
0.4644733 0.4644733 0.4644733 0.4644733 0.4644733 0.4644733 0.4644733 0.4644733 0.4644733 0.4644733 0.4644733 0.4644733 0.4644733 0.4644733 0.4644733 0.4644733 0.4644733 0.4644733 0.4644733 0.4644733 0.4644733 0.4644733 0.4644733 0.4644733 0.4644733 0.4644733 0.4644733 0.4644733 0.4644733 0.4644733 0.4644733 0.4644733 0.4644733 0.4644733 0.4644733 0.4644733 0.4644733 0.4644733 0.4644733 0.4644733 0.4644733 0.4644733 0.4644733 0.4644733 0.4644733 0.4644733 0.4644733 0.4644733 0.4644733 0.4644733 0.4644733 0.4644733 0.4644733 0.4644733 0.4644733 0.4644733 0.4644733 0.4644733 0.4644733 0.4644733 0.4644733 0.4644733 0.4644733 0.4644733 0.4644733 0.4644733 0.4644733 0.4644733 0.4644733 0.4644733 0.4644733 0.4644733 0.4644733 0.4644733 0.4644733 0.4644733 0.4644733 0.4644733 0.4644733 0.4644733
1.585737 1.651117 2.361559 0.98649 1.086662 1.485447 2.625165 0.005732829 0.7939872 -0.01616496 0.2463043 2.537678 1.205521 -0.3075554 0.5057642 -1.87304 -0.08230672 1.583344 1.731601 0.6235734 1.412985 2.164152 2.055649 0.990836 2.145157 2.646287 3.110582 3.52097 3.067936 1.965907 2.587859 3.21476 -0.2121352 -0.8301718 1.098555 0.7103253 0.6256145 1.567381 3.854027 5.216297 1.953002 0.7685548 0.5543193 2.513127 0.9213776 1.50737 2.388403 2.871117 2.50449 2.910755 2.413135 3.22302 1.592728 -0.05165211 0.9721539 0.7242987 2.959321 2.354299 3.381834 2.710499 3.275255 3.843621 3.188511 3.655802 2.100272 2.412389 2.166246 3.806097 3.189714 3.276082 1.433708 3.335939 3.535465 3.587775 4.237337 4.205612 4.437306 3.961555 4.314638 2.668962
-0.1074089 0.5401935 0.6144881 0.5194252 1.351857 1.760519 1.534602 1.398864 1.826193 0.4759324 -0.2609832 0.1995465 1.548604 1.942688 -1.204456 0.07412734 2.886171 1.972437 2.570956 1.049302 3.241601 3.414232 3.07725 2.180709 1.706955 2.074915 2.755205 2.606059 0.8884041 1.470692 2.834178 1.892783 3.97638 3.824674 4.420718 3.053507 4.305968 3.108609 3.387879 3.723635 4.034229 4.323604 2.295314 2.989975 2.646988 1.604114 3.262126 2.781687 3.269625 3.573787 4.258988 4.480903 4.638531 2.724339 4.107112 3.739492 5.967875 3.207955 2.261037 3.620398 5.093144 4.66217 4.477168 3.640712 3.561497 4.374283 6.223336 5.396163 4.634369 4.171434 4.653233 7.027421 6.017995 6.60997 4.803831 6.983482 5.696734 4.888233 5.625117 5.14894
#  fracbelow2_Summer : fracbelow2_Summer
-0.6250992 -0.6250992 -0.6250992 -0.6250992 -0.6250992 -0.6250992 -0.6250992 -0.6250992 -0.6250992 -0.6250992 -0.6250992 -0.6250992 -0.6250992 -0.6250992 -0.6250992 -0.6250992 -0.6250992 -0.6250992 -0.6250992 -0.6250992 -0.6250992 -0.6250992 -0.6250992 -0.6250992 -0.6250992 -0.6250992 -0.6250992 -0.6250992 -0.6250992 -0.6250992 -0.6250992 -0.6250992 -0.6250992 -0.6250992 -0.6250992 -0.6250992 -0.6250992 -0.6250992 -0.6250992 -0.6250992 -0.6250992 -0.6250992 -0.6250992 -0.6250992 -0.6250992 -0.6250992 -0.6250992 -0.6250992 -0.6250992 -0.6250992 -0.6250992 -0.6250992 -0.6250992 -0.6250992 -0.6250992 -0.6250992 -0.6250992 -0.6250992 -0.6250992 -0.6250992 -0.6250992 -0.6250992 -0.6250992 -0.6250992 -0.6250992 -0.6250992 -0.6250992 -0.6250992 -0.6250992 -0.6250992 -0.6250992 -0.6250992 -0.6250992 -0.6250992 -0.6250992 -0.6250992 -0.6250992 -0.6250992 -0.6250992 -0.6250992
-0.8881686 -0.8878099 -0.8881864 -0.8880584 -0.9034768 -0.8649051 -0.8863271 -0.4858551 -0.8531342 0.1731687 -0.4518936 -0.8881551 -0.4966494 -0.7215086 -0.1984913 3.014937 0.606148 -0.7830549 -0.8881202 -0.8871227 -0.9007186 -0.8879375 -0.8880314 -0.5182834 -0.8875124 -0.8881542 -0.9010737 -0.8881003 -0.8880795 -0.8881867 -0.8881867 -0.8881867 -0.3924675 1.079484 -0.8684745 -0.4229726 0.2914845 -0.9010737 -0.8881867 -0.8881867 -0.8881864 -0.3997777 -0.8585792 -0.9009309 -0.8465211 -0.8875012 -0.888185 -0.8845439 -0.9010737 -0.887689 -0.8881805 -0.8881867 -0.8881867 -0.6403029 -0.8890496 -0.8500335 -0.8880419 -0.8881867 -0.8881867 -0.8881825 -0.903479 -0.8881867 -0.8881867 -0.888029 -0.8881867 -0.9010737 -0.8046271 -0.8881867 -0.888172 -0.8881867 -0.8881862 -0.9010737 -0.8881233 -0.8881867 -0.8881867 -0.8881867 -0.9010737 -0.8881867 -0.8881867 -0.8802342
-0.5324409 -0.8320995 -0.5247453 -0.7957084 -0.8965053 -0.8557999 -0.884202 -0.8873514 -0.8881572 -0.8801458 -0.5054559 -0.7941698 -0.8780924 -0.7797587 -0.6708201 -0.8511452 -0.8859041 -0.8869708 -0.8881867 -0.8881389 -0.9010382 -0.8881134 -0.8881867 -0.8881858 -0.8863941 -0.8881867 -0.9010737 -0.8528951 -0.8856736 -0.856754 -0.8881867 -0.8881867 -0.903479 -0.8881867 -0.8881867 -0.8881867 -0.8881867 -0.9010737 -0.8881867 -0.8881867 -0.8881867 -0.8881867 -0.8881867 -0.9010737 -0.8881867 -0.8874131 -0.8881867 -0.8881867 -0.9010737 -0.8881853 -0.8881867 -0.8881867 -0.8881867 -0.8881867 -0.9010737 -0.8881867 -0.8881867 -0.8881736 -0.8879196 -0.8881867 -0.903479 -0.8881867 -0.8881867 -0.8881867 -0.8881867 -0.9010737 -0.8881867 -0.8881867 -0.8881867 -0.8881867 -0.8881867 -0.9010737 -0.8881867 -0.8881867 -0.8881867 -0.8881867 -0.9010737 -0.8881867 -0.8881867 -0.8881867
#  largeZoop_integrated_Summer : largeZoop_integrated_Summer
-0.2517699 -0.2517699 -0.2517699 -0.2517699 -0.2517699 -0.2517699 -0.2517699 -0.2517699 -0.2517699 -0.2517699 -0.2517699 -0.2517699 -0.2517699 -0.2517699 -0.2517699 -0.2517699 -0.2517699 -0.2517699 -0.2517699 -0.2517699 -0.2517699 -0.2517699 -0.2517699 -0.2517699 -0.2517699 -0.2517699 -0.2517699 -0.2517699 -0.2517699 -0.2517699 -0.2517699 -0.2517699 -0.2517699 -0.2517699 -0.2517699 -0.2517699 -0.2517699 -0.2517699 -0.2517699 -0.2517699 -0.2517699 -0.2517699 -0.2517699 -0.2517699 -0.2517699 -0.2517699 -0.2517699 -0.2517699 -0.2517699 -0.2517699 -0.2517699 -0.2517699 -0.2517699 -0.2517699 -0.2517699 -0.2517699 -0.2517699 -0.2517699 -0.2517699 -0.2517699 -0.2517699 -0.2517699 -0.2517699 -0.2517699 -0.2517699 -0.2517699 -0.2517699 -0.2517699 -0.2517699 -0.2517699 -0.2517699 -0.2517699 -0.2517699 -0.2517699 -0.2517699 -0.2517699 -0.2517699 -0.2517699 -0.2517699 -0.2517699
-1.111547 -1.028516 -2.189537 -0.873345 -1.776824 -1.788341 -2.719108 0.8756815 -0.833601 -0.4152791 0.7327575 -1.869771 -1.432056 -0.3715554 0.9833958 1.481457 -0.05731506 -1.303179 -1.565137 -0.4518671 -1.238652 -1.544235 -1.439578 -0.499004 -1.702473 -1.255841 -1.749195 -2.417074 -2.039909 -2.273035 -1.45248 -2.445527 0.2233052 1.266012 -0.4292783 0.3099352 0.7308058 -1.46836 -2.292182 -2.879781 -2.329997 -1.010949 -1.449135 -1.903091 -1.47303 -1.481726 -2.037591 -1.416467 -1.500012 -1.234521 -1.988266 -2.106391 -0.8818511 0.3672208 -0.6832562 0.6127564 -1.939128 -1.308463 -2.460335 -2.590793 -3.158455 -3.286456 -2.519155 -2.718109 -2.069995 -2.174187 -1.455025 -2.269142 -1.08146 -2.298075 -2.164295 -2.959747 -1.593424 -2.617305 -2.027045 -2.737588 -3.274738 -3.469548 -2.87504 -1.469764
-0.7166901 -1.256811 -0.4841868 0.09386399 -1.778012 -2.065439 -1.892242 -1.164874 -0.8244087 -1.493671 -0.5567786 -0.5631582 -1.126789 -0.3382214 1.354528 0.4342411 -1.818553 -1.69699 -0.7453458 -0.7865104 -2.03423 -1.785105 -1.908712 -1.896979 -1.192678 -2.196439 -1.911422 -0.5265304 -0.8350495 -0.3293712 -2.050453 -0.03091595 -2.382218 -3.348029 -3.455287 -2.260561 -2.68348 -2.048599 -2.168066 -2.415523 -3.070334 -2.424811 -2.081701 -2.835843 -2.078968 -1.81189 -2.392087 -1.769109 -2.092457 -2.600669 -2.658033 -3.41042 -2.698287 -1.67314 -2.154822 -1.583846 -3.380459 -1.635946 -1.597405 -2.366133 -2.903669 -3.379014 -3.52253 -2.778187 -2.997259 -3.53785 -4.262634 -3.403416 -3.125285 -2.811868 -3.043855 -4.313514 -4.39854 -3.445005 -3.319148 -4.102607 -3.642952 -3.50474 -2.767759 -1.911915
#  pH_depthavg_Summer : pH_depthavg_Summer
0.8270797 0.8270797 0.8270797 0.8270797 0.8270797 0.8270797 0.8270797 0.8270797 0.8270797 0.8270797 0.8270797 0.8270797 0.8270797 0.8270797 0.8270797 0.8270797 0.8270797 0.8270797 0.8270797 0.8270797 0.8270797 0.8270797 0.8270797 0.8270797 0.8270797 0.8270797 0.8270797 0.8270797 0.8270797 0.8270797 0.8270797 0.8270797 0.8270797 0.8270797 0.8270797 0.8270797 0.8270797 0.8270797 0.8270797 0.8270797 0.8270797 0.8270797 0.8270797 0.8270797 0.8270797 0.8270797 0.8270797 0.8270797 0.8270797 0.8270797 0.8270797 0.8270797 0.8270797 0.8270797 0.8270797 0.8270797 0.8270797 0.8270797 0.8270797 0.8270797 0.8270797 0.8270797 0.8270797 0.8270797 0.8270797 0.8270797 0.8270797 0.8270797 0.8270797 0.8270797 0.8270797 0.8270797 0.8270797 0.8270797 0.8270797 0.8270797 0.8270797 0.8270797 0.8270797 0.8270797
-2.654357 -2.893141 -2.92539 -2.15346 -4.390695 -2.691868 -3.313259 -3.574385 -4.475641 -3.938074 -3.30526 -4.842963 -4.188024 -4.58714 -5.103364 -4.254442 -5.111411 -4.890561 -4.382388 -4.6432 -5.034932 -5.66558 -4.998701 -4.858735 -5.786306 -4.756786 -5.822837 -5.576737 -4.568222 -5.084382 -5.271393 -4.992624 -4.782045 -5.067706 -6.070581 -6.54259 -5.293463 -7.749857 -5.476575 -5.590248 -5.318837 -5.043848 -6.040262 -6.211513 -6.069893 -6.043925 -6.877272 -5.619439 -6.588741 -5.406698 -5.910531 -4.808 -5.35285 -5.9617 -6.112285 -5.796985 -5.3249 -5.248271 -5.137987 -4.846843 -5.783365 -4.872781 -4.361968 -4.230603 -4.342775 -5.112416 -4.734335 -4.526891 -3.943563 -4.053053 -4.385333 -4.769118 -4.569752 -5.41971 -3.962846 -3.809402 -4.018864 -4.051131 -4.71522 -3.696219
-1.740235 -3.259573 -2.827907 -2.702862 -4.212902 -5.025431 -5.01339 -3.795367 -4.254611 -4.045333 -4.483923 -5.388275 -5.853868 -5.437305 -5.45281 -7.045122 -7.639864 -5.658726 -5.679307 -7.042968 -7.1398 -5.947334 -6.657357 -7.586873 -8.018881 -8.917506 -9.194116 -7.524172 -9.016451 -9.956666 -9.969781 -10.01823 -10.09164 -10.17347 -10.46585 -10.30484 -11.03358 -11.13237 -11.79217 -11.295 -12.07303 -11.97688 -12.00122 -12.7165 -13.43682 -13.52082 -14.72812 -13.94803 -14.27306 -14.81295 -15.17087 -15.69131 -15.14844 -15.80499 -17.01962 -16.73641 -17.25701 -17.08035 -17.3942 -18.53722 -18.44717 -19.0647 -19.05197 -19.18574 -20.31967 -20.627 -19.67516 -20.46091 -21.43828 -21.09253 -22.36846 -21.95157 -22.2431 -22.41915 -23.31748 -22.85659 -24.15794 -24.70022 -24.57898 -24.12635
#  temp_bottom5m_Summer : temp_bottom5m_Summer
0.7519047 0.7519047 0.7519047 0.7519047 0.7519047 0.7519047 0.7519047 0.7519047 0.7519047 0.7519047 0.7519047 0.7519047 0.7519047 0.7519047 0.7519047 0.7519047 0.7519047 0.7519047 0.7519047 0.7519047 0.7519047 0.7519047 0.7519047 0.7519047 0.7519047 0.7519047 0.7519047 0.7519047 0.7519047 0.7519047 0.7519047 0.7519047 0.7519047 0.7519047 0.7519047 0.7519047 0.7519047 0.7519047 0.7519047 0.7519047 0.7519047 0.7519047 0.7519047 0.7519047 0.7519047 0.7519047 0.7519047 0.7519047 0.7519047 0.7519047 0.7519047 0.7519047 0.7519047 0.7519047 0.7519047 0.7519047 0.7519047 0.7519047 0.7519047 0.7519047 0.7519047 0.7519047 0.7519047 0.7519047 0.7519047 0.7519047 0.7519047 0.7519047 0.7519047 0.7519047 0.7519047 0.7519047 0.7519047 0.7519047 0.7519047 0.7519047 0.7519047 0.7519047 0.7519047 0.7519047
2.146836 2.403966 3.296478 1.781709 2.215583 1.842148 2.738563 0.4828245 1.266418 0.1675839 0.2871044 2.351569 1.398159 0.7196959 -0.06418978 -1.862387 -1.015785 0.6784857 2.984094 2.050788 2.132238 2.496106 2.499387 0.7191419 2.046402 3.794752 4.007935 3.535596 3.777909 3.877996 2.544727 3.955777 0.4670713 -0.924794 1.02336 0.4114777 -0.1729237 2.670866 3.564962 4.751151 3.063374 0.8515659 1.322324 2.30736 1.657931 1.93458 3.042053 2.863184 3.629253 3.418954 2.780209 4.051959 2.113348 1.272065 2.466177 1.049922 2.556621 3.264702 3.94978 3.309311 4.56342 4.592793 4.035118 4.753811 3.201079 3.601251 2.310267 4.760606 3.899854 3.845358 2.790602 3.753656 3.145896 4.572462 4.898946 5.014327 4.788777 4.481356 4.813408 2.736282
0.1576841 1.548902 0.8265701 0.6074852 1.259941 1.101707 2.144884 2.410127 1.809876 1.616899 0.3874927 0.4243949 1.256217 1.715001 0.4254593 0.1877672 2.267784 1.681655 3.239105 3.014351 3.525221 2.418604 2.164089 3.034692 2.385514 3.35003 2.770975 1.2972 1.847011 1.385966 3.294065 2.577707 3.968266 4.972153 4.645514 4.624108 4.129583 4.766582 4.54178 4.610139 4.825413 4.79335 3.592394 3.62919 4.007617 2.414508 3.843116 3.695483 4.340976 3.605236 5.421062 5.291568 5.673341 4.512225 5.60595 4.586155 6.795546 4.14929 2.644069 4.28376 5.605914 6.404495 6.181803 4.291497 5.064353 6.079598 6.881542 6.22723 6.725553 5.138172 7.888932 7.569603 7.950807 7.923237 7.205068 7.202032 6.994143 6.764747 6.613012 6.462295
#  temp_surface5m_Summer : temp_surface5m_Summer
0.2464804 0.2464804 0.2464804 0.2464804 0.2464804 0.2464804 0.2464804 0.2464804 0.2464804 0.2464804 0.2464804 0.2464804 0.2464804 0.2464804 0.2464804 0.2464804 0.2464804 0.2464804 0.2464804 0.2464804 0.2464804 0.2464804 0.2464804 0.2464804 0.2464804 0.2464804 0.2464804 0.2464804 0.2464804 0.2464804 0.2464804 0.2464804 0.2464804 0.2464804 0.2464804 0.2464804 0.2464804 0.2464804 0.2464804 0.2464804 0.2464804 0.2464804 0.2464804 0.2464804 0.2464804 0.2464804 0.2464804 0.2464804 0.2464804 0.2464804 0.2464804 0.2464804 0.2464804 0.2464804 0.2464804 0.2464804 0.2464804 0.2464804 0.2464804 0.2464804 0.2464804 0.2464804 0.2464804 0.2464804 0.2464804 0.2464804 0.2464804 0.2464804 0.2464804 0.2464804 0.2464804 0.2464804 0.2464804 0.2464804 0.2464804 0.2464804 0.2464804 0.2464804 0.2464804 0.2464804
1.453643 2.279832 2.822716 2.116539 0.8527889 1.3559 3.428658 -0.6629488 2.19633 0.6518863 0.5609344 2.858912 2.702987 1.548299 0.600984 -0.8399979 1.456849 1.906161 1.561033 1.482016 1.863854 1.846695 2.045614 1.453776 2.591096 3.27708 4.06317 3.418493 3.149123 2.2945 2.932096 4.639889 0.3592454 0.7198894 2.291644 0.7108988 1.309804 2.535524 4.671101 4.916565 2.760462 2.499488 2.536906 4.246717 1.607603 3.163957 3.644917 3.4788 3.728703 3.421594 3.495289 3.638718 2.80514 0.5281589 2.160243 2.356312 2.868572 3.095187 4.647398 3.745988 3.592023 4.328642 4.034138 4.572386 3.123153 4.422392 3.183206 4.671004 6.170447 4.562868 3.038056 4.769407 5.307234 5.549048 5.717568 5.810319 5.643864 4.426294 5.351667 3.910466
0.9130637 1.088175 1.053157 1.375687 1.042136 1.792161 2.235293 2.822127 2.445858 0.395305 0.6723809 2.441591 1.922655 1.665923 -0.7914391 0.3178269 4.190183 1.971485 2.596858 1.583953 3.954867 3.176301 3.686026 3.778206 2.684261 3.169565 3.969244 3.424057 1.89736 2.244135 4.56816 2.920364 3.710343 4.440547 5.301751 3.870224 4.504452 4.004032 3.598454 4.137781 5.997731 5.703005 4.570076 5.127163 4.547948 3.866458 3.823718 3.931329 5.234428 5.498504 4.500184 5.770264 5.665395 3.90783 6.371021 5.559733 6.990812 5.302989 4.133899 5.853925 8.025327 5.928315 7.29707 5.345768 6.707467 7.170848 8.462001 7.802294 7.156972 6.902606 7.076639 9.0619 7.931437 9.194429 7.436248 8.730015 8.510159 7.434102 8.617627 7.698286
#  fracbelow2_Fall : fracbelow2_Fall
-0.7170849 -0.7170849 -0.7170849 -0.7170849 -0.7170849 -0.7170849 -0.7170849 -0.7170849 -0.7170849 -0.7170849 -0.7170849 -0.7170849 -0.7170849 -0.7170849 -0.7170849 -0.7170849 -0.7170849 -0.7170849 -0.7170849 -0.7170849 -0.7170849 -0.7170849 -0.7170849 -0.7170849 -0.7170849 -0.7170849 -0.7170849 -0.7170849 -0.7170849 -0.7170849 -0.7170849 -0.7170849 -0.7170849 -0.7170849 -0.7170849 -0.7170849 -0.7170849 -0.7170849 -0.7170849 -0.7170849 -0.7170849 -0.7170849 -0.7170849 -0.7170849 -0.7170849 -0.7170849 -0.7170849 -0.7170849 -0.7170849 -0.7170849 -0.7170849 -0.7170849 -0.7170849 -0.7170849 -0.7170849 -0.7170849 -0.7170849 -0.7170849 -0.7170849 -0.7170849 -0.7170849 -0.7170849 -0.7170849 -0.7170849 -0.7170849 -0.7170849 -0.7170849 -0.7170849 -0.7170849 -0.7170849 -0.7170849 -0.7170849 -0.7170849 -0.7170849 -0.7170849 -0.7170849 -0.7170849 -0.7170849 -0.7170849 -0.7170849
-0.8698648 -0.8666859 -0.8127856 -0.7036539 -0.7775818 -0.6694286 -0.8706589 -0.6925441 -0.6817856 0.03756026 -0.4539045 -0.7728984 -0.500576 -0.6306157 -0.6013595 3.184522 -0.1256035 -0.8037667 -0.826177 -0.8632709 -0.700443 -0.8207258 -0.7539314 -0.762447 -0.8254464 -0.7931448 -0.7558484 -0.8403712 -0.8565699 -0.8753367 -0.8741982 -0.6713614 -0.4741323 0.8068216 -0.707261 -0.5759994 -0.4747319 -0.7520538 -0.8753367 -0.8143892 -0.8483268 -0.3774754 -0.789044 -0.7315294 -0.6664357 -0.8626045 -0.8722062 -0.8745172 -0.774193 -0.7928874 -0.8637372 -0.8525713 -0.8193069 -0.669424 -0.6605905 -0.8614385 -0.8752935 -0.8749572 -0.6620043 -0.7419883 -0.7702817 -0.8753367 -0.8753367 -0.8618009 -0.7560654 -0.7072814 -0.8736638 -0.865384 -0.8753367 -0.8753367 -0.7789857 -0.7791826 -0.8753367 -0.8753367 -0.8556902 -0.8753367 -0.740384 -0.8633876 -0.8753367 -0.8228319
-0.5915019 -0.8299383 -0.6818288 -0.5313728 -0.7644382 -0.858417 -0.8366825 -0.8685515 -0.7931741 -0.3493571 -0.144696 -0.8519382 -0.8553298 -0.6342357 -0.4867004 -0.5667493 -0.775856 -0.8720297 -0.8698307 -0.8736954 -0.7333317 -0.8753367 -0.8244519 -0.8267759 -0.8727176 -0.7931741 -0.772648 -0.8112895 -0.792158 -0.8432841 -0.8036461 -0.7048814 -0.7736568 -0.8753367 -0.8685981 -0.8753367 -0.7909765 -0.7807084 -0.8745583 -0.8745404 -0.8753367 -0.8753367 -0.7931448 -0.7808479 -0.8502165 -0.8660766 -0.8753367 -0.8653995 -0.7808793 -0.8753367 -0.8753367 -0.8752806 -0.8753367 -0.7917609 -0.7437554 -0.8638674 -0.8718052 -0.8149021 -0.871649 -0.7925561 -0.7807462 -0.8753367 -0.8753367 -0.8753367 -0.7922696 -0.7808793 -0.8590906 -0.8753367 -0.8666308 -0.8753367 -0.7931741 -0.7803142 -0.8753367 -0.8753367 -0.8606642 -0.8753367 -0.7808793 -0.8752035 -0.8753367 -0.8753367
#  largeZoop_integrated_Fall : largeZoop_integrated_Fall
-0.1278826 -0.1278826 -0.1278826 -0.1278826 -0.1278826 -0.1278826 -0.1278826 -0.1278826 -0.1278826 -0.1278826 -0.1278826 -0.1278826 -0.1278826 -0.1278826 -0.1278826 -0.1278826 -0.1278826 -0.1278826 -0.1278826 -0.1278826 -0.1278826 -0.1278826 -0.1278826 -0.1278826 -0.1278826 -0.1278826 -0.1278826 -0.1278826 -0.1278826 -0.1278826 -0.1278826 -0.1278826 -0.1278826 -0.1278826 -0.1278826 -0.1278826 -0.1278826 -0.1278826 -0.1278826 -0.1278826 -0.1278826 -0.1278826 -0.1278826 -0.1278826 -0.1278826 -0.1278826 -0.1278826 -0.1278826 -0.1278826 -0.1278826 -0.1278826 -0.1278826 -0.1278826 -0.1278826 -0.1278826 -0.1278826 -0.1278826 -0.1278826 -0.1278826 -0.1278826 -0.1278826 -0.1278826 -0.1278826 -0.1278826 -0.1278826 -0.1278826 -0.1278826 -0.1278826 -0.1278826 -0.1278826 -0.1278826 -0.1278826 -0.1278826 -0.1278826 -0.1278826 -0.1278826 -0.1278826 -0.1278826 -0.1278826 -0.1278826
-0.6383377 -0.7410418 -1.322109 -0.7120005 2.141857 -0.8905334 -1.445339 -0.2719359 -0.4318801 0.3529381 -0.5259638 -1.168639 -0.3619381 -0.7132007 0.6267218 2.159751 -0.1112103 -0.2895937 -0.3203932 -0.621618 -0.7205804 0.2609164 -0.6758341 0.6634193 -1.250335 -0.278808 -1.228951 -0.0220461 0.2962094 -1.356832 -1.403076 -0.4841973 -0.1970194 0.3187512 0.01365712 0.4455807 0.6609188 -1.679346 -1.232793 -1.456004 -1.643848 -1.7573 -1.155737 -1.379051 -0.9838521 1.04838 -1.22819 -0.858877 -0.8151291 -0.18615 -1.159831 -1.049491 -0.728432 0.4464954 -1.629922 -1.441158 -1.029152 0.5375857 -0.6939555 -1.539189 -1.787553 -1.654938 -1.589009 -1.527086 -1.744378 -0.7909622 -0.9038838 -1.622879 -1.299857 -1.710444 -1.488926 -0.976273 -1.586502 -1.249558 -1.347628 -1.609018 -1.942127 -2.001369 -1.715619 -1.619282
-0.449177 -1.668704 -1.458928 0.7575092 1.962233 0.618887 -0.8006976 0.8890629 1.170593 -0.6732843 -0.4898945 -0.9959778 1.235084 2.141435 0.6923675 4.021047 -1.503309 -1.522904 -0.9484967 -1.562992 -1.404977 -0.8432007 -1.674077 -1.303035 1.039212 0.1527283 -1.583192 -1.154572 -1.028363 -0.9506778 2.077826 0.1900554 -1.152732 0.1004911 -1.583747 -0.7150304 -1.505123 -1.132752 -1.0285 -0.9821143 -1.792994 -1.848736 -1.510197 -1.827724 -0.9502228 -1.324734 -1.356941 -0.1897443 -1.943868 -1.982075 -1.458513 -1.608942 -1.775511 -1.822987 -1.218742 -0.4178453 -1.639999 -1.403267 -1.057802 -1.846483 -2.267036 -1.858598 -1.278767 -1.819176 -1.571043 -2.139608 -2.026977 -1.186858 -1.454347 -1.814158 -1.676291 -1.840488 -1.657693 -1.778011 -1.76675 -1.80459 -2.106078 -1.911222 -2.06305 -1.789524
#  pH_depthavg_Fall : pH_depthavg_Fall
0.9199744 0.9199744 0.9199744 0.9199744 0.9199744 0.9199744 0.9199744 0.9199744 0.9199744 0.9199744 0.9199744 0.9199744 0.9199744 0.9199744 0.9199744 0.9199744 0.9199744 0.9199744 0.9199744 0.9199744 0.9199744 0.9199744 0.9199744 0.9199744 0.9199744 0.9199744 0.9199744 0.9199744 0.9199744 0.9199744 0.9199744 0.9199744 0.9199744 0.9199744 0.9199744 0.9199744 0.9199744 0.9199744 0.9199744 0.9199744 0.9199744 0.9199744 0.9199744 0.9199744 0.9199744 0.9199744 0.9199744 0.9199744 0.9199744 0.9199744 0.9199744 0.9199744 0.9199744 0.9199744 0.9199744 0.9199744 0.9199744 0.9199744 0.9199744 0.9199744 0.9199744 0.9199744 0.9199744 0.9199744 0.9199744 0.9199744 0.9199744 0.9199744 0.9199744 0.9199744 0.9199744 0.9199744 0.9199744 0.9199744 0.9199744 0.9199744 0.9199744 0.9199744 0.9199744 0.9199744
-1.801776 -2.264814 -1.403063 -1.532459 -3.042111 -1.556947 -2.11787 -3.094804 -3.59754 -3.15951 -2.978021 -3.253518 -2.96062 -3.705157 -4.437591 -4.079217 -4.33931 -3.327748 -2.78465 -3.516594 -3.451872 -4.366626 -3.546357 -4.172596 -3.635057 -3.620428 -4.08391 -3.56072 -3.083542 -3.782154 -3.906256 -3.252645 -3.811845 -4.392263 -4.757476 -5.057391 -5.073455 -5.266658 -3.614251 -3.479326 -3.7453 -4.144648 -4.70369 -4.609382 -4.356623 -4.250615 -4.643843 -4.29156 -4.47536 -3.877141 -4.032143 -3.167848 -4.193139 -4.440682 -4.31897 -4.636566 -4.335175 -3.501555 -3.129906 -3.244223 -3.556476 -3.623552 -3.232528 -2.440633 -2.976614 -3.204441 -3.46074 -2.692118 -2.529863 -2.75242 -2.974784 -3.084674 -3.374778 -4.417376 -2.317974 -2.657007 -2.23467 -2.594236 -3.279274 -3.384673
-1.432587 -2.033649 -1.893015 -2.331049 -3.314402 -3.689842 -3.350855 -3.098685 -3.063506 -2.405896 -3.150211 -4.432593 -4.189248 -3.951708 -4.86231 -5.821665 -4.777743 -4.563085 -4.354981 -5.715837 -5.302975 -4.966191 -5.043979 -6.027383 -6.367915 -7.169819 -6.731118 -5.96194 -6.785093 -7.60417 -7.219124 -8.122169 -7.319703 -7.66165 -7.243736 -7.949113 -8.27994 -8.447084 -8.487003 -8.012164 -9.209251 -9.280093 -9.125062 -9.577477 -10.25927 -10.33454 -10.87704 -10.61958 -11.14506 -11.21507 -11.42498 -11.51299 -11.48094 -11.89077 -12.68743 -12.70664 -12.50448 -12.95988 -13.45808 -14.05188 -13.44642 -13.97406 -14.26528 -14.55257 -15.13394 -15.06284 -14.53592 -15.49117 -15.74336 -16.09642 -16.52028 -16.4063 -16.68957 -17.0437 -17.23614 -17.42435 -18.20794 -18.27351 -18.62158 -18.52849
#  temp_bottom5m_Fall : temp_bottom5m_Fall
0.8949759 0.8949759 0.8949759 0.8949759 0.8949759 0.8949759 0.8949759 0.8949759 0.8949759 0.8949759 0.8949759 0.8949759 0.8949759 0.8949759 0.8949759 0.8949759 0.8949759 0.8949759 0.8949759 0.8949759 0.8949759 0.8949759 0.8949759 0.8949759 0.8949759 0.8949759 0.8949759 0.8949759 0.8949759 0.8949759 0.8949759 0.8949759 0.8949759 0.8949759 0.8949759 0.8949759 0.8949759 0.8949759 0.8949759 0.8949759 0.8949759 0.8949759 0.8949759 0.8949759 0.8949759 0.8949759 0.8949759 0.8949759 0.8949759 0.8949759 0.8949759 0.8949759 0.8949759 0.8949759 0.8949759 0.8949759 0.8949759 0.8949759 0.8949759 0.8949759 0.8949759 0.8949759 0.8949759 0.8949759 0.8949759 0.8949759 0.8949759 0.8949759 0.8949759 0.8949759 0.8949759 0.8949759 0.8949759 0.8949759 0.8949759 0.8949759 0.8949759 0.8949759 0.8949759 0.8949759
2.093585 3.429484 3.765172 2.276394 2.671746 2.085877 3.403875 1.231621 1.577456 0.503735 0.6020713 2.419114 1.762097 0.5219819 0.2473254 -1.689961 -1.094274 1.336343 3.11703 2.82626 2.194607 3.074245 2.867816 1.953045 3.044177 4.486879 4.366401 4.30063 5.358807 4.9481 4.020367 4.324158 1.236217 -0.5892885 1.260537 0.4794918 0.376875 3.030249 4.836857 5.528953 4.091658 1.673573 2.257748 2.929147 1.798331 3.041988 3.938345 4.042211 4.108362 4.3528 3.641575 4.611798 2.747424 1.996011 2.543753 1.68767 3.616157 4.673968 4.508095 4.691507 5.404398 6.365976 6.119791 6.129791 4.293521 4.078325 3.95802 6.292455 5.694145 5.221382 3.90347 4.408456 4.527008 6.252629 6.631687 6.581123 5.749171 5.200985 5.802992 3.669501
0.5239512 1.974167 1.177899 0.6881461 1.855893 1.341537 2.664247 3.36021 2.572053 1.357842 0.1373932 0.6175761 1.738986 1.990356 0.4876229 0.1976573 2.421565 2.620117 4.026409 3.513784 4.123127 3.351193 2.830848 3.69505 3.498207 4.100261 3.668163 2.047421 2.163593 2.351829 3.910578 2.905117 5.381903 6.139588 6.166622 5.998171 5.743919 5.990196 6.113826 5.819009 6.748802 6.498098 5.01601 5.404245 5.356778 3.463125 5.235198 5.615154 6.229227 5.759292 6.981234 7.339099 7.571098 6.214057 6.579395 6.757257 8.170518 5.955558 3.879548 6.367181 7.574459 8.180065 8.196319 6.652313 6.958408 8.672206 9.099531 9.407767 8.872767 7.764971 11.27175 10.401 10.50156 10.91568 9.543888 10.30752 9.957231 9.863659 9.96174 9.312294
#  temp_surface5m_Fall : temp_surface5m_Fall
0.8008809 0.8008809 0.8008809 0.8008809 0.8008809 0.8008809 0.8008809 0.8008809 0.8008809 0.8008809 0.8008809 0.8008809 0.8008809 0.8008809 0.8008809 0.8008809 0.8008809 0.8008809 0.8008809 0.8008809 0.8008809 0.8008809 0.8008809 0.8008809 0.8008809 0.8008809 0.8008809 0.8008809 0.8008809 0.8008809 0.8008809 0.8008809 0.8008809 0.8008809 0.8008809 0.8008809 0.8008809 0.8008809 0.8008809 0.8008809 0.8008809 0.8008809 0.8008809 0.8008809 0.8008809 0.8008809 0.8008809 0.8008809 0.8008809 0.8008809 0.8008809 0.8008809 0.8008809 0.8008809 0.8008809 0.8008809 0.8008809 0.8008809 0.8008809 0.8008809 0.8008809 0.8008809 0.8008809 0.8008809 0.8008809 0.8008809 0.8008809 0.8008809 0.8008809 0.8008809 0.8008809 0.8008809 0.8008809 0.8008809 0.8008809 0.8008809 0.8008809 0.8008809 0.8008809 0.8008809
1.599718 3.212318 3.029179 2.294031 1.824556 1.784325 3.224422 1.16225 1.275323 0.7074713 0.6547386 1.998681 1.398156 0.4090832 1.056809 -1.063363 0.6103166 2.125324 2.17314 2.699963 1.498824 2.178344 2.357877 2.124785 3.66518 3.90739 3.170061 3.452094 4.783986 4.268935 4.330558 3.959196 0.7995524 -0.03072232 1.291629 1.124345 1.486001 2.657933 4.772537 4.728119 4.470222 2.1374 1.981493 2.657621 1.81014 2.808763 3.537243 3.861342 3.23881 3.462461 3.453194 3.483793 2.565327 1.957077 1.679278 1.636001 3.762462 4.239337 3.815048 4.583788 4.470638 5.9203 5.950365 5.226116 4.303649 3.289687 3.688581 5.770478 5.448043 4.81366 4.217096 3.523436 4.363582 5.783528 6.289876 6.189674 4.938842 4.485702 4.989069 3.311049
0.6897005 2.887955 1.000953 0.1373194 1.796718 1.50679 2.388927 2.526854 2.219536 0.3024775 -0.241944 0.9435366 2.140405 1.678662 0.4930056 0.03409184 2.705277 3.565958 3.418629 3.247646 4.151417 2.836088 3.309438 3.669189 3.120265 3.826547 3.540233 1.987741 2.071362 3.300738 3.845003 2.471876 5.203181 5.081334 5.814804 4.827651 5.699073 4.807598 5.151616 5.052483 6.590061 6.108648 4.992568 5.433127 4.988688 3.397544 4.868197 5.230147 6.64114 5.705463 5.812062 6.855479 6.780475 5.552889 5.346678 6.290877 6.633195 5.216577 3.676843 6.333327 7.313557 7.048779 7.115204 6.638851 7.012335 8.052763 8.055864 8.837468 7.41528 7.388756 10.75029 9.688108 9.037328 9.669635 8.3744 9.943562 9.775729 8.764249 10.4904 8.096366
#nonScaled_covlist ##########################################################
#  temp_bottom5m : temp_bottom5m
2.828832 2.828832 2.828832 2.828832 2.828832 2.828832 2.828832 2.828832 2.828832 2.828832 2.828832 2.828832 2.828832 2.828832 2.828832 2.828832 2.828832 2.828832 2.828832 2.828832 2.828832 2.828832 2.828832 2.828832 2.828832 2.828832 2.828832 2.828832 2.828832 2.828832 2.828832 2.828832 2.828832 2.828832 2.828832 2.828832 2.828832 2.828832 2.828832 2.828832 2.828832 2.828832 2.828832 2.828832 2.828832 2.828832 2.828832 2.828832 2.828832 2.828832 2.828832 2.828832 2.828832 2.828832 2.828832 2.828832 2.828832 2.828832 2.828832 2.828832 2.828832 2.828832 2.828832 2.828832 2.828832 2.828832 2.828832 2.828832 2.828832 2.828832 2.828832 2.828832 2.828832 2.828832 2.828832 2.828832 2.828832 2.828832 2.828832 2.828832
4.541828 4.856274 5.241232 4.507761 4.405781 4.499058 5.032695 3.576606 3.923724 3.389467 3.347004 4.68977 4.148462 3.440046 3.110791 2.226572 2.566134 3.804724 4.887255 4.303418 4.546704 4.972375 4.844448 3.803279 4.551419 5.746934 5.931931 5.481383 5.61895 5.635187 5.196818 5.912375 3.477083 2.547556 3.676526 3.40542 3.253246 4.941383 5.586878 6.301357 5.291262 3.852679 4.090362 4.849755 4.248568 4.369687 5.12496 5.225505 5.482455 5.391113 5.04933 5.774407 4.520631 4.050005 4.633901 3.914784 4.997347 5.437132 5.572616 5.343119 5.952453 6.341713 6.107978 6.292272 5.265603 5.515729 4.659952 6.398627 5.746235 5.884044 5.103527 5.681458 5.286868 6.358974 6.56061 6.565836 6.501495 6.162396 6.387643 5.255528
3.293078 4.069135 3.986976 3.720453 4.037219 3.909189 4.535577 4.888842 4.383381 4.270023 3.27829 3.431939 4.155523 4.3524 3.413108 3.280215 4.600741 4.456872 5.406252 4.949836 5.588249 5.015145 4.799232 5.093411 4.865146 5.467294 5.306887 4.172599 4.346923 4.205464 5.416653 5.046943 5.851394 6.402332 6.272976 6.38909 6.169007 6.450583 6.149341 6.311829 6.521559 6.512284 5.920188 5.839525 5.947781 4.947515 5.747849 5.789247 6.169811 5.857775 6.845211 6.811171 7.0061 6.371552 6.856378 6.095161 7.457255 6.077085 4.996376 6.008068 6.90185 7.387644 7.381914 6.281746 6.664863 7.301344 7.884706 7.335005 7.657052 6.554664 8.495229 8.467751 8.438847 8.63144 7.883476 8.0062 8.082326 7.866232 7.697027 7.659674
#  temp_surface5m : temp_surface5m
4.978 4.978 4.978 4.978 4.978 4.978 4.978 4.978 4.978 4.978 4.978 4.978 4.978 4.978 4.978 4.978 4.978 4.978 4.978 4.978 4.978 4.978 4.978 4.978 4.978 4.978 4.978 4.978 4.978 4.978 4.978 4.978 4.978 4.978 4.978 4.978 4.978 4.978 4.978 4.978 4.978 4.978 4.978 4.978 4.978 4.978 4.978 4.978 4.978 4.978 4.978 4.978 4.978 4.978 4.978 4.978 4.978 4.978 4.978 4.978 4.978 4.978 4.978 4.978 4.978 4.978 4.978 4.978 4.978 4.978 4.978 4.978 4.978 4.978 4.978 4.978 4.978 4.978 4.978 4.978
6.263628 6.768457 7.086573 6.41198 5.86079 6.306058 7.284473 5.140798 5.891603 5.452625 5.322406 6.823831 6.318451 5.285778 5.269672 4.276923 5.132527 6.23089 6.433113 6.038253 6.456681 6.715158 6.71129 5.951103 6.897957 7.544802 8.002651 7.63506 7.602586 7.197955 7.414167 8.086678 5.245235 4.686743 5.752571 5.420161 5.659291 6.867239 8.108685 8.763253 7.309258 6.251 6.136095 7.440016 6.084591 6.593851 7.232567 7.528982 7.561633 7.399838 7.267517 7.686213 6.629461 5.641051 6.427375 6.045533 7.28162 7.398541 7.847598 7.585283 7.801689 8.430853 8.276506 8.405136 7.284432 7.755737 6.923411 8.541549 8.409168 8.169435 7.078722 8.142667 7.937601 8.626954 8.990601 8.935233 9.019154 8.30129 8.649832 7.611472
5.241166 5.866196 5.895296 5.628924 5.914191 6.086739 6.433703 6.74219 6.445686 5.784392 5.092497 5.630305 6.346783 6.382997 4.792277 5.186563 7.232853 6.764755 7.270742 6.529345 7.952298 7.416694 7.414444 7.204183 6.855447 7.300393 7.803427 6.870114 6.220647 6.510175 7.808846 6.997664 8.060782 8.332195 8.734216 8.106761 8.561852 8.328362 8.025237 8.356523 9.014172 8.978259 8.100277 8.426911 8.031543 7.216882 7.864781 7.956529 8.623329 8.576815 8.762788 9.225184 9.26736 8.234832 9.187825 8.569141 9.822928 8.455884 7.384032 8.57805 9.840297 9.430409 9.73519 8.810604 9.167933 9.876442 10.67243 10.14442 9.873393 9.269979 10.46274 11.54941 10.72678 11.26871 10.09146 11.02049 10.96278 10.22637 10.77031 10.13624
#testfile  
12345
