#Covars (covariate phase for each covs - do not alter this line)
# fracbelow2 # largeZoop_integrated # pH_depthavg # temp_bottom5m # temp_surface5m # fracbelow2_Winter # largeZoop_integrated_Winter # pH_depthavg_Winter # temp_bottom5m_Winter # temp_surface5m_Winter # fracbelow2_Spring # largeZoop_integrated_Spring # pH_depthavg_Spring # temp_bottom5m_Spring # temp_surface5m_Spring # fracbelow2_Summer # largeZoop_integrated_Summer # pH_depthavg_Summer # temp_bottom5m_Summer # temp_surface5m_Summer # fracbelow2_Fall # largeZoop_integrated_Fall # pH_depthavg_Fall # temp_bottom5m_Fall # temp_surface5m_Fall
#nspp2 : 

#nTyrs : number years for the zooplankton hindcast data 
41
#hind_years : years for covariates 
1979 1980 1981 1982 1983 1984 1985 1986 1987 1988 1989 1990 1991 1992 1993 1994 1995 1996 1997 1998 1999 2000 2001 2002 2003 2004 2005 2006 2007 2008 2009 2010 2011 2012 2013 2014 2015 2016 2017 2018 2019
#ncov : number of covariates 
25
#nEatcovs : DEFUNCT 
1
#Eat_covs : DEFUNCT 
3
#COVAR_START ##############################################DO NOT REMOVE THIS LINE OR REC FIT WONT RUN!
#  fracbelow2 : fracbelow2
-2.155486 -1.098093 -1.459399 -0.922329 -1.019563 0.1666162 -0.375787 0.1276636 -0.9788379 -0.2089165 -0.9716587 -0.2371334 0.1318754 1.337371 -0.9448146 -0.07683265 1.235389 -0.6380528 0.9112501 -0.7694972 1.453085 0.3144234 -0.4117914 -0.2626761 -1.512923 -0.4529209 -0.5595913 0.8025825 1.537674 1.856312 1.856629 1.169946 0.8654993 2.672683 0.7682847 -1.321785 -0.7953527 -2.185766 -0.2449351 -2.191241 -2.004696
#  largeZoop_integrated : largeZoop_integrated
0.7329424 0.3824782 -0.5523964 0.8030748 1.455974 -0.3565731 -0.4632494 -0.39611 -0.02294147 -1.606341 -1.213405 -0.9642454 -1.309477 -1.269375 -0.6991081 -0.02062329 -1.592197 -0.5406145 0.6251385 0.9429271 -0.8472674 1.44278 0.3365685 0.3451924 -0.1292253 -0.1185544 -0.005831784 1.151704 2.543083 -0.1563031 1.090871 1.144047 -0.9619942 1.215489 2.065095 2.375578 -0.1932273 -0.776128 1.447777 1.508856 2.072697
#  pH_depthavg : pH_depthavg
1.011218 1.352123 0.776071 1.502707 0.8387848 0.9775036 1.317809 0.6034434 0.4982718 0.8018248 0.6536269 0.4300976 0.4323733 0.7645439 0.05226963 0.2092545 0.4724037 0.09267613 0.9478269 -0.3171451 -0.5000864 -0.8558847 -0.4686011 -0.480181 -0.7140858 -0.2685637 -0.5779748 -0.982883 -1.582085 -2.237287 -2.174843 -1.56399 -1.52216 -1.48881 -2.99844 -2.70056 -1.85555 -2.190483 -1.599196 -3.333421 -3.569531
#  temp_bottom5m : temp_bottom5m
2.676048 1.26303 1.625635 0.8195384 1.113044 -0.3407035 0.3186404 -0.1462951 1.349549 0.1104504 0.6691257 0.2630198 -0.2930615 -1.246754 1.148029 0.07051294 -1.106295 0.303318 -0.6984981 0.5689359 -1.424413 -0.5349001 0.4564712 0.1732928 1.410046 0.5202563 0.6737814 -0.6887427 -1.421317 -1.906083 -1.77717 -1.272442 -1.119559 -2.55113 -0.9951582 1.010705 1.08709 2.584695 0.07120711 1.573693 1.685103
#  temp_surface5m : temp_surface5m
2.056367 0.8036047 1.697442 -0.08375314 1.36544 0.8260076 0.0881465 -0.05630683 0.7848251 -0.1019613 0.3263297 0.3170717 0.06560391 -0.7493089 1.049271 -0.1874999 -0.3739673 0.07204559 -0.008570273 -0.9822367 -1.772626 -0.7606199 0.03323686 0.6227121 1.673917 1.446316 0.7941341 -0.7647301 -0.9777 -2.058227 -1.747095 -1.341502 -1.615118 -2.910232 -1.177511 1.695332 1.35932 3.135268 0.6077115 1.427875 2.670011
#  fracbelow2_Winter : fracbelow2_Winter
-2.250584 0.07145734 -0.9940834 -0.5894759 -0.001845395 -0.7768519 -2.033589 -0.1232122 -0.846249 -0.3307372 0.01633399 0.8968369 1.171205 0.780315 0.4813058 -0.6541016 0.973062 -0.3642071 0.5249072 0.4410415 0.6739405 1.702795 -2.147428 1.221779 -1.839576 -0.6010951 -1.186517 0.4689275 0.5094558 1.563406 0.6668156 0.3253855 0.3230969 2.145154 0.09659298 -1.492579 -2.413634 -3.875626 -1.196852 -1.837836 -2.264227
#  largeZoop_integrated_Winter : largeZoop_integrated_Winter
0.007525987 -0.4354236 -0.6373808 -0.5135686 -0.5887095 -0.6233245 -0.4835236 -0.653578 0.1300449 -0.6228672 -0.5072367 -0.6060036 -0.5008084 -0.5873174 -0.09990179 -0.1267371 -0.441512 0.3760025 -0.02759043 -0.4999688 0.04710781 0.1308425 -0.2831819 -0.02882901 1.17825 0.0312354 0.2325098 -0.4166756 1.539564 4.619014 0.1584177 0.2411499 -0.355502 0.4136899 1.068566 1.176822 -0.009668715 0.4285946 0.1438618 -0.05699584 1.055345
#  pH_depthavg_Winter : pH_depthavg_Winter
1.052283 1.800212 0.8376486 1.020254 1.138281 0.4587396 0.7919837 0.8256951 0.4923102 0.4958162 0.7357418 0.7790694 0.8361386 0.7484137 0.5661771 0.266681 0.4044593 0.1198211 0.5376641 0.0943698 -0.5648253 -1.175485 -0.9644274 -0.2282098 -0.5821093 -0.3939436 -0.8793615 -0.836047 -1.634992 -2.06963 -2.183407 -1.437038 -1.507426 -1.231326 -2.817997 -2.550978 -1.956895 -2.034294 -1.331842 -2.236212 -2.779832
#  temp_bottom5m_Winter : temp_bottom5m_Winter
2.160975 -0.09729781 0.9712902 0.5942777 0.177764 0.649745 1.766927 0.1970281 1.120278 0.5306334 -0.2232846 -0.6566645 -1.180654 -0.6312476 -0.5745383 0.6392925 -0.5958287 0.1539378 -0.4318396 -0.478391 -0.6710393 -1.616316 2.060561 -1.109398 1.747692 0.8609715 1.389973 -0.4225981 -0.5173004 -1.701334 -1.30958 -0.6430602 -0.7134428 -2.162242 -0.6069503 1.165142 2.168209 3.145798 1.043027 1.562657 1.385549
#  temp_surface5m_Winter : temp_surface5m_Winter
2.184113 0.3303993 1.160595 0.9454819 0.5339767 0.8193839 1.806056 0.3736184 1.154591 0.7042773 0.1385377 -0.2819194 -0.7353481 -0.267533 -0.07987619 0.7831942 -0.2704841 0.00226989 -0.517811 -0.7206441 -0.686855 -1.72541 1.496394 -1.063915 1.175754 0.7395401 0.8235544 -0.945179 -1.060649 -1.892136 -1.865958 -0.8739046 -0.9083949 -2.089411 -1.80429 -0.1627519 1.812855 2.352578 0.9638667 0.7176451 0.6037202
#  fracbelow2_Spring : fracbelow2_Spring
-2.439572 -1.424481 -2.010931 -0.3778577 -1.208127 0.3099226 0.6519482 0.44052 -1.183681 0.2555309 -1.040439 -0.1515085 -0.1188903 0.9399653 -1.386253 -0.08673956 1.034935 -0.4922068 0.8735468 -0.9539672 1.3839 0.4528506 -0.01428897 -0.3698964 -1.21516 -0.3189491 -0.5376614 0.7838312 1.532221 1.645392 1.499673 1.086801 1.073024 2.092295 0.9206102 -1.082572 -0.4389682 -2.100484 0.4383786 -2.164866 -2.030953
#  largeZoop_integrated_Spring : largeZoop_integrated_Spring
1.661723 0.6583058 1.069839 0.7516273 0.01626921 -0.2695029 0.08511208 -0.2989721 0.9018762 -1.597751 0.06767511 -0.3353611 -0.2258337 -0.634521 0.6676655 -1.360248 -1.919377 1.752623 1.427976 -0.3510998 -1.355572 0.7701934 -0.2369591 1.464448 1.737703 0.8598556 0.3740398 -0.7050783 -1.035658 -1.433437 -0.3132824 -0.5325548 -3.162346 -1.333109 2.371261 2.969684 0.5227344 0.8072553 1.840081 3.206588 4.557289
#  pH_depthavg_Spring : pH_depthavg_Spring
1.130669 1.242575 0.656484 1.561293 0.7092274 1.10711 1.221041 0.6788666 0.672714 0.6385933 0.4400366 0.4146741 0.4437117 0.5607659 0.1556992 0.06155637 0.1034065 0.198293 0.8612196 -0.066901 -0.6617697 -0.5520804 -0.5009556 -0.09760776 -0.2412211 -0.08857039 -0.3905477 -0.976715 -1.605322 -2.342259 -2.470772 -1.732544 -1.411093 -1.769236 -2.638343 -2.112995 -1.187541 -1.60025 -1.193108 -2.096336 -2.501362
#  temp_bottom5m_Spring : temp_bottom5m_Spring
2.641787 1.389804 2.011039 0.3051244 1.211782 -0.5059788 -0.631718 -0.5549325 1.293163 -0.4199308 0.8955906 0.2593754 -0.09950085 -1.163343 1.320066 -0.08276895 -0.97296 0.5605272 -0.5720462 0.9659464 -1.301252 -0.3797992 0.2311689 0.3945154 1.227015 0.4866866 0.5717347 -0.5557256 -1.351132 -1.617703 -1.585241 -1.329506 -1.242797 -2.082306 -1.014792 0.9110686 0.5479822 2.314748 -0.4118809 1.526437 1.882376
#  temp_surface5m_Spring : temp_surface5m_Spring
1.737218 1.029776 2.236651 -0.4409023 1.382695 0.07178045 -0.730404 -0.3518482 0.5829228 -0.8731567 0.2752236 0.5737234 -0.05599052 -0.2175207 1.267474 -0.2506974 -0.407384 0.7630276 0.4650801 -0.3952113 -1.317198 -0.4419062 -0.09107487 0.8443201 1.404156 1.197912 0.5394092 -0.9576469 -1.398525 -1.761832 -1.184695 -1.758159 -1.262967 -2.364658 -0.9742814 1.081187 0.5689509 2.156962 0.357228 0.8715808 2.739234
#  fracbelow2_Summer : fracbelow2_Summer
-1.662769 -1.14145 -1.130437 -1.188237 -0.8151494 0.6816511 0.1248202 0.3566828 -0.8866063 -0.5894982 -1.370195 -0.5812168 -0.0984242 1.2602 -0.8759616 -0.1052427 1.209521 -0.6987375 0.8175927 -0.9861089 1.293133 0.2095663 -0.225443 -0.4564241 -1.228888 -0.3405224 -0.5516568 0.7386362 1.715172 1.52198 1.922467 1.418777 0.6208364 2.372128 0.976797 -0.7793818 -0.1449294 -1.007687 0.1843147 -1.782957 -1.388751
#  largeZoop_integrated_Summer : largeZoop_integrated_Summer
-1.532247 -0.545192 -0.8643752 -0.02597171 0.2168991 0.7972755 0.0742723 0.2884282 -0.8245027 -0.1022853 -0.4252966 -0.9374226 -1.46741 -0.3141149 -1.668982 0.8966453 0.4405976 -2.540548 -0.3076932 0.7879874 0.8499622 0.9511023 0.1125258 -0.4331106 -1.491991 0.1139428 -0.1437435 1.031619 1.910853 1.013463 1.29905 1.308016 1.735353 1.544381 0.06543955 -0.395901 -0.8331327 -1.608617 0.1342346 -0.4648681 -1.777641
#  pH_depthavg_Summer : pH_depthavg_Summer
0.01679356 0.8150682 0.03110269 1.841445 0.4709159 1.634391 2.088417 0.4589049 0.07085344 0.8429045 0.4546231 -0.330746 -0.5379847 0.1750644 -1.177885 -0.5197503 0.9901728 -0.8551263 1.683907 -0.481264 0.331965 -0.2349279 0.003426146 -0.6261213 -1.395399 -0.001136936 -0.2767129 -0.3009091 -0.6620173 -1.963927 -1.777033 -0.7522202 -1.406364 -0.9488446 -3.365201 -3.466541 -2.203876 -3.324262 -1.76947 -5.333199 -5.450076
#  temp_bottom5m_Summer : temp_bottom5m_Summer
2.461949 1.445272 1.586884 1.02691 0.9595731 -0.9566147 -0.155135 -0.4345117 1.370519 0.2142013 0.9126582 0.5226523 -0.1139119 -1.127236 1.383169 0.1675627 -1.0732 0.4591978 -0.5656583 0.8032457 -1.293105 -0.4176363 0.01548016 0.3474464 1.04979 0.3670414 0.5018144 -0.8036148 -1.620539 -1.568884 -1.561503 -1.441866 -0.855785 -2.203815 -1.100312 0.5508644 0.5274411 1.791008 -0.3560409 1.240377 1.247614
#  temp_surface5m_Summer : temp_surface5m_Summer
0.6918822 0.3318967 1.058502 -0.8356798 0.9896711 0.6356212 -0.3970308 -0.8004612 0.811497 -0.02109412 0.695215 -0.1429882 0.5892363 -0.9212345 0.7801911 -0.3551784 0.01436552 -0.6786044 0.4067181 -1.3119 -1.724102 -0.8289458 -0.6966732 0.9095159 1.539685 2.559697 1.452377 -0.6134178 -0.06794521 -1.105674 -1.495066 -0.7781922 -2.165938 -2.628644 -0.7931711 2.852682 0.7757248 3.007592 0.1675146 0.4617756 2.530229
#  fracbelow2_Fall : fracbelow2_Fall
-1.002029 -0.9620766 -0.8048093 -1.073759 -1.244889 -0.06471166 -0.9404135 -0.4838776 -0.4582016 -0.1360818 -0.5314204 -0.3109534 -0.1262248 1.531885 -1.081546 0.4167289 1.178194 -0.7930254 0.8677509 -0.7901483 1.550717 -0.7567125 0.4568179 -0.8828823 -1.265712 -0.4564177 0.1341972 0.8223199 1.344959 1.78884 2.12628 0.9451732 0.8468211 2.837465 0.3730976 -1.555791 -0.6234012 -1.463144 -0.7085737 -1.608684 -1.681738
#  largeZoop_integrated_Fall : largeZoop_integrated_Fall
0.06090898 0.5051442 -1.234161 0.5551642 1.703537 -1.227457 -0.7714297 -0.3515755 -0.2735547 -0.2454035 -1.203981 -0.702978 -0.1758413 -0.9988325 -0.187363 0.9792739 -0.1971577 -0.7815206 -0.4051271 1.403948 -0.3717135 0.7124767 0.1227091 -0.7882768 -1.000572 -1.329369 -0.2616563 1.435525 2.628663 0.1246447 0.9894976 1.347387 0.9642081 1.873447 0.2131317 0.3985765 -0.2597858 -0.6289686 0.1873669 -1.867169 -1.133518
#  pH_depthavg_Fall : pH_depthavg_Fall
1.333125 1.013446 1.101287 1.399298 0.5967806 0.7656799 1.173279 0.2614576 0.5004525 1.054939 0.8234214 0.5381396 0.5063105 1.073666 0.1770217 0.6821139 0.5449182 0.4500512 0.7804261 -0.7879657 -0.6870165 -0.8596208 -0.18472 -0.878563 -0.6876104 -0.4015885 -0.4875369 -1.341742 -1.805789 -1.977032 -1.655012 -1.688491 -1.361273 -1.539459 -2.597958 -2.292175 -1.844058 -1.68093 -1.63038 -3.49282 -3.519289
#  temp_bottom5m_Fall : temp_bottom5m_Fall
1.767505 1.476033 1.014324 0.9963144 1.406664 -0.08136023 0.6696687 0.5172912 0.9562561 0.2270624 0.471727 0.2686327 0.2048298 -1.271407 1.612993 -0.3644565 -1.264625 -0.1023938 -0.8672636 0.464921 -1.651268 0.2077844 -0.4496927 0.7574942 1.127389 0.2356476 0.09088333 -0.684809 -1.456746 -1.873692 -1.768653 -0.8695502 -1.068898 -2.690353 -0.6459272 1.11318 1.113509 2.177609 0.2187612 1.019175 1.575976
#  temp_surface5m_Fall : temp_surface5m_Fall
1.42509 1.031797 0.9211032 0.5908556 1.029532 1.006881 0.2677804 1.134585 0.1683694 0.4328163 0.1341819 -0.2083688 0.5838662 -1.185163 1.526954 -0.5780971 -0.3400757 0.02568688 -0.5611547 -0.7477248 -2.009932 0.6775534 -1.317486 1.362649 1.533675 0.1033456 -0.1834867 -0.1188778 -1.6595 -1.947598 -1.133566 -0.5406017 -0.647784 -3.02065 -0.1035846 1.914302 1.826079 3.154949 0.8975433 2.028545 2.734867
#COVAR_END ##########################################################DO NOT REMOVE THIS LINE OR REC FIT WONT RUN!
#  temp_bottom5m : temp_bottom5m
3.774596 3.030986 3.221809 2.797596 2.952055 2.187011 2.533995 2.28932 3.076518 2.424434 2.71844 2.504724 2.212083 1.710196 2.970466 2.403416 1.784114 2.525932 1.998719 2.665715 1.616702 2.084814 2.606529 2.457505 3.108354 2.640097 2.72089 2.003853 1.618331 1.36322 1.431062 1.696678 1.777134 1.02376 1.8426 2.898198 2.938397 3.726521 2.403782 3.194474 3.253105
#  temp_surface5m : temp_surface5m
5.717831 5.014825 5.516415 4.516872 5.330107 5.027397 4.613336 4.532274 5.004287 4.506654 4.746996 4.7418 4.600686 4.143386 5.152685 4.458653 4.354014 4.604301 4.559062 4.012675 3.569137 4.137038 4.582522 4.913315 5.503214 5.375492 5.009511 4.134732 4.015221 3.408868 3.583464 3.811068 3.657524 2.930752 3.903094 5.515231 5.326673 6.323272 4.904897 5.365144 6.062186
########################################################### 
#overlap : pred overlap (2-6/0-6 area)   
#testfile  
12345
