#Covars covariate phase for each covs 
# fracbelow2 # largeZoop_integrated # temp_bottom5m # temp_surface5m # largeZoop_integrated_Fall # largeZoop_integrated_Spring # largeZoop_integrated_Summer # largeZoop_integrated_Winter#simulations 
#  mnhind #  miroc_ssp126 #  miroc_ssp585 #  gfdl_ssp126 #  gfdl_ssp585 #  cesm_ssp126 #  cesm_ssp585
#nspp2 : number of species 
3
#nyrs_fut : number years for the projection data 
78
#num_runs : number of future temperature simulations + mnhind 
7
#nfut_yrs : number years for the projection data 
78
#fut_yrs : projection years for covariates vector(1,nyrs_fut)
2022 2023 2024 2025 2026 2027 2028 2029 2030 2031 2032 2033 2034 2035 2036 2037 2038 2039 2040 2041 2042 2043 2044 2045 2046 2047 2048 2049 2050 2051 2052 2053 2054 2055 2056 2057 2058 2059 2060 2061 2062 2063 2064 2065 2066 2067 2068 2069 2070 2071 2072 2073 2074 2075 2076 2077 2078 2079 2080 2081 2082 2083 2084 2085 2086 2087 2088 2089 2090 2091 2092 2093 2094 2095 2096 2097 2098 2099
#ncov_fut : number of covariates 
8
###########################################################
#  | mn_Hind
#  | miroc_ssp126
#  | miroc_ssp585
#  | gfdl_ssp126
#  | gfdl_ssp585
#  | cesm_ssp126
#  | cesm_ssp585
###########################################################
#Scaled_covlist ########################################################## 
#  fracbelow2 : NA
-0.175307 -0.175307 -0.175307 -0.175307 -0.175307 -0.175307 -0.175307 -0.175307 -0.175307 -0.175307 -0.175307 -0.175307 -0.175307 -0.175307 -0.175307 -0.175307 -0.175307 -0.175307 -0.175307 -0.175307 -0.175307 -0.175307 -0.175307 -0.175307 -0.175307 -0.175307 -0.175307 -0.175307 -0.175307 -0.175307 -0.175307 -0.175307 -0.175307 -0.175307 -0.175307 -0.175307 -0.175307 -0.175307 -0.175307 -0.175307 -0.175307 -0.175307 -0.175307 -0.175307 -0.175307 -0.175307 -0.175307 -0.175307 -0.175307 -0.175307 -0.175307 -0.175307 -0.175307 -0.175307 -0.175307 -0.175307 -0.175307 -0.175307 -0.175307 -0.175307 -0.175307 -0.175307 -0.175307 -0.175307 -0.175307 -0.175307 -0.175307 -0.175307 -0.175307 -0.175307 -0.175307 -0.175307 -0.175307 -0.175307 -0.175307 -0.175307 -0.175307 -0.175307
0.1277772 0.2011665 -0.2885513 -0.4294021 -0.1315465 0.03328057 -0.3655664 -0.7386581 0.04301581 0.06242881 0.1605999 -0.2201854 -0.4099937 0.118897 -0.03733187 -0.01830753 -0.1530878 -0.008301469 0.151768 0.2527081 0.04708154 -0.2472487 0.000469168 -0.06751947 -0.2124067 -0.2879362 0.01613762 0.02433648 -0.3932515 -0.3753693 -0.22812 0.05791196 -0.1008277 -0.1452403 -0.1353611 -0.3836434 -0.8241059 -0.5154638 -0.3393573 -0.268388 -0.6531288 -0.3148411 -0.01864231 0.2442397 0.1205513 -0.5410429 -0.02257507 -0.2670972 0.03647316 -0.3216755 0.04969215 -0.3435411 -0.2945558 -0.596678 0.06439 0.09069672 -0.4935751 -0.5870362 -0.004684741 -0.0006703812 -0.4545815 -0.02127211 0.06293402 0.1440588 0.091359 0.09013357 0.007599764 0.1933239 -0.1615911 -0.2641036 0.03105571 0.15039 -0.1194347 -0.1981004 0.04102708 -0.4192582 -0.2710409 0.03870337
-0.4641118 -0.4670063 0.02862824 -0.4120138 0.1409027 -0.2611015 0.06278258 0.05766486 -0.06402751 0.05701001 -0.16292 0.07773546 0.1788378 -0.0412315 0.007528362 0.03633719 -0.666822 -0.5425986 -0.184897 -0.03536904 -0.1194748 -0.07259631 -0.1388837 -0.4458567 0.1741122 0.04334947 -0.3160643 -0.8376373 -0.9498069 -0.3013746 -0.7111214 -0.5560273 -0.01141708 0.09982097 -0.1086205 -0.4702216 0.03847738 -0.07811792 -0.4894184 -0.3241793 -0.3052004 -0.75966 -0.5754901 -1.011897 -0.5619669 -0.3017217 -0.3098401 -0.9978775 -0.8310043 -0.700324 -0.1670942 -0.5915132 -0.7468841 -0.7990919 -0.6392716 -0.9597741 -1.049567 -0.8940732 -0.9490233 -0.6024937 -0.8905352 -1.197391 -0.4772674 -0.5816726 -0.9518819 -0.6043001 -0.9801951 -1.146954 -0.5244318 -0.8988549 -1.075163 -1.117579 -0.9225211 -0.998566 -1.111777 -1.013756 -1.133196 -1.103796
0.3310895 0.6066007 0.5158614 0.04269224 -0.4975778 0.108759 -0.1819128 0.05808522 -0.1779485 -0.6187362 0.2021541 -0.218443 0.0586617 0.07047014 -0.1617478 -0.3217159 -0.1789564 0.09833461 0.06250121 -0.8284405 -0.3312211 -0.1214415 0.1463704 -0.3799486 -0.3864748 -0.3009352 -0.2147204 -0.4222704 0.2296146 0.1111147 -0.4790114 -0.2931631 -0.3232588 -0.2902336 -0.3356555 0.1240244 -0.5815913 -0.1601547 0.1298567 -0.7681071 -0.4004238 -0.2482439 -0.05405279 -0.117009 -0.4147616 0.1473185 0.032617 -0.50975 -0.5388503 0.1510304 -0.8527589 -0.1859901 -0.5035766 -0.5763888 0.1190342 -0.3288628 0.2964262 0.1286934 -0.3421309 -0.05021135 -0.611881 -0.4479868 0.06742672 0.01350714 -0.2664019 -0.1915371 -0.5921642 -0.01869509 -0.7573019 0.3724991 -0.4007632 -0.9163188 -0.06226105 -0.3723827 -0.1986844 -0.6901517 -0.6122109 -0.4196026
-0.4804752 0.4405928 0.2513419 -0.4007581 -0.7419874 0.3803406 -0.4181257 -0.4434279 -0.01488816 -0.2702729 -0.3358297 -0.1306964 0.3168087 0.2904949 -0.7316519 -0.9014167 -0.8570141 0.04658134 -0.5791996 0.330541 -0.07666846 -0.401376 -0.6095974 -0.1365443 -0.0335934 0.09323535 -0.5701934 -0.8036176 -0.5216723 -0.07885207 0.02329483 0.05216631 -0.4191476 -0.3561847 0.1162896 -0.3347777 -0.09654907 -0.5954802 -0.1006211 -0.9517252 -0.1915233 -0.4778688 -0.8468199 -0.8503462 -0.6046793 -0.9666182 -0.8636033 -0.5404771 -1.243125 -0.7769952 -0.1900252 -1.015264 -1.100994 -1.216308 -0.7771248 -0.8257013 -0.9845702 -1.120632 -0.8167661 -0.7871426 -0.5168258 -1.036747 -0.8814167 -1.096076 -1.122819 -1.047093 -1.057454 -1.153167 -1.141247 -1.169041 -1.195778 -1.091384 -1.004541 -0.9546945 -0.82665 -0.1592157 -0.8487532 -1.169203
-0.8123665 -0.5263217 -0.4023836 -0.5143255 -0.7342798 -0.1026757 -0.2315328 -0.01272435 0.001082205 -0.6749202 -0.2729207 -0.07121081 0.06700644 0.4629828 0.2327961 -0.3442805 -0.5671779 -0.3220559 -0.5358756 -0.8893373 -0.6140534 -0.1199351 -0.5027277 -1.023013 -1.104722 -0.8159679 -0.7003628 -0.6837211 -1.005328 -0.9387568 0.03484465 0.3425911 -0.1399144 -0.04144654 0.08159394 -0.7591766 -0.879575 -1.093056 -0.6337885 -0.1063616 -0.2742023 -0.7241725 -0.379453 -0.3229745 -0.753494 -0.723746 -0.8387429 -0.7486875 -0.6261123 -0.9805078 -0.373321 -0.235245 -0.462299 -0.2346842 -0.7598058 -0.8143084 -0.6690748 -0.6041384 -0.7745366 -1.073521 -0.8173009 -0.8805922 -0.5509751 -0.7178299 -0.3238774 -1.086383 -0.6640866 -0.8587911 -0.5827198 -0.7957667 -0.6991389 -1.22246 -1.124082 -0.9638133 -1.136304 -1.017096 -1.076644 -0.657456
-0.351289 -0.2492699 -0.3400565 -0.3313444 -0.5388863 -0.6872281 -0.3799167 -0.41918 0.04011354 -0.1232729 -0.520466 -0.446712 -0.05081054 -0.08432299 -0.6195344 -0.4771839 -1.032711 -0.5440102 -0.9456437 -0.7267825 -0.6291376 -0.6410485 -0.6026274 -0.9431289 -0.9763246 -0.3427554 -0.427969 -0.3439019 -0.9175129 -0.8649136 -0.9458195 -0.9121925 -0.9741688 -1.116238 -1.084412 -1.143608 -0.8877112 -1.024781 -1.05701 -1.073846 -0.9333222 -0.9083753 -1.006062 -0.5569903 -0.9597835 -0.8970576 -0.8580845 -0.7739733 -1.186599 -1.194791 -1.138308 -1.115816 -1.144233 -0.7377998 -1.134876 -0.8269059 -0.4636013 -0.793435 -1.067822 -1.158194 -1.258467 -0.9280667 -1.136285 -1.09987 -1.199626 -1.064235 -1.197431 -0.7680784 -1.258467 -1.254628 -1.253226 -1.258467 -1.142535 -1.098652 -1.257674 -1.23188 -1.173436 -1.183113
#  largeZoop_integrated : Total On-shelf  large zooplankton concentration,  integrated over depth (NCa, Eup)
3.625738 3.625738 3.625738 3.625738 3.625738 3.625738 3.625738 3.625738 3.625738 3.625738 3.625738 3.625738 3.625738 3.625738 3.625738 3.625738 3.625738 3.625738 3.625738 3.625738 3.625738 3.625738 3.625738 3.625738 3.625738 3.625738 3.625738 3.625738 3.625738 3.625738 3.625738 3.625738 3.625738 3.625738 3.625738 3.625738 3.625738 3.625738 3.625738 3.625738 3.625738 3.625738 3.625738 3.625738 3.625738 3.625738 3.625738 3.625738 3.625738 3.625738 3.625738 3.625738 3.625738 3.625738 3.625738 3.625738 3.625738 3.625738 3.625738 3.625738 3.625738 3.625738 3.625738 3.625738 3.625738 3.625738 3.625738 3.625738 3.625738 3.625738 3.625738 3.625738 3.625738 3.625738 3.625738 3.625738 3.625738 3.625738
2.494059 1.141548 0.7516165 -2.203081 0.8682158 3.986611 -1.199561 2.270289 -0.6689003 1.165057 0.3643146 3.938833 2.019972 0.3297499 3.916315 3.183807 1.418834 0.7395412 -0.9605888 -0.7335177 1.75906 3.850062 5.475951 -1.913936 1.564651 2.617296 2.311999 7.699571 4.002924 6.667876 3.436839 2.611724 0.4500054 1.771005 -0.3333966 -0.8528262 -5.082085 -4.846682 -4.421064 -5.966789 -7.971453 -4.669152 -5.008455 -4.779419 0.2714423 -4.86427 -4.135543 1.762908 1.675533 -1.040938 -2.063056 -0.9965513 0.4480079 -2.456798 2.141213 -1.131452 -2.478464 -4.911826 -0.4535262 -0.6801245 -1.079865 -4.263421 -2.143281 0.9799943 3.091729 2.032024 0.6333644 2.761795 -0.5672941 1.46728 -0.2313375 1.20214 2.018039 1.296238 -1.999614 -3.126152 -0.8558017 0.7256806
-1.623855 -3.278638 -0.8947061 -2.380629 -2.472201 -2.355337 1.15315 0.9806532 -1.506994 -0.06229589 2.362159 2.57199 0.4558131 1.873303 -0.002516335 -0.09309023 1.384157 -2.360331 -0.1371108 1.909506 3.345206 1.002387 -1.754977 -3.11193 -0.3271049 2.50162 -2.09085 -4.60981 1.189309 -1.529567 -2.444804 0.8143717 -0.1729945 -2.068335 -0.8806934 -2.51154 -6.629908 0.2086124 -2.171159 -2.399956 -0.6685945 -6.397516 -4.061896 -5.866108 -1.986472 -0.768721 -3.922423 -9.188009 -4.034104 -5.887792 -2.03952 -5.91679 -2.814356 -5.327321 -2.995171 -2.110966 -9.259154 -9.019515 -7.297733 -5.535322 -9.680503 -13.37816 -6.15298 -4.036421 -3.96948 -6.645793 -5.633915 -6.913739 -7.526203 -10.52809 -8.774796 -8.638161 -7.650576 -14.01201 -12.62925 -11.13384 -11.43801 -14.16282
-4.484151 -3.406338 -2.675525 -0.5635728 3.445318 -0.6760194 1.573288 -1.061966 -1.475519 -1.576504 -1.166525 -1.583989 -3.671543 -0.3810473 -2.383794 -1.437442 -0.4425396 -1.316027 -0.9515608 -0.3916714 -3.468325 -1.86438 -0.7992663 -2.408686 -2.163499 -4.813028 -3.284482 -2.860159 -4.469666 -3.285959 -1.244551 -4.091072 -3.481886 -3.274879 -2.748454 -2.853494 -3.502537 -1.361481 -2.202457 -0.9912988 -2.100911 -2.439301 -2.345678 -3.005859 -1.1156 -0.374039 -1.267232 -2.240236 -2.343401 -2.469388 0.3778342 -1.961716 -1.296553 -3.006469 -0.7747897 -1.323928 -1.307097 -1.123791 -1.385753 -1.844545 -3.681791 -6.406607 -4.245738 -1.519775 -1.878642 -1.17875 -2.514162 -2.214541 -4.795108 -2.527754 -1.174789 -1.325125 -2.827894 -2.190193 -3.783913 -2.402156 -5.245706 -4.030222
-2.382854 -3.013407 -0.3559392 2.074437 3.913579 -2.074989 1.564263 -0.7242422 -2.314532 -3.086862 -4.596762 -4.540705 -5.752441 -1.915932 -0.4365197 1.882035 0.4097792 -2.109198 -2.550141 -3.090116 -3.416499 -0.7775404 -3.783339 -3.765594 -2.648299 -1.809286 0.4126226 4.436743 0.1522647 0.05304861 0.7552582 1.169546 0.7146973 -1.974546 -1.827033 0.4610645 0.3307283 -1.97271 -1.796382 -1.027601 -3.003834 0.587356 -1.425324 -1.957706 -1.98726 -3.76004 -4.382939 -4.052279 -4.469399 -1.773842 -3.654315 -2.612376 -2.900278 -4.070369 -3.245335 -2.881149 -4.35988 -5.039003 -5.359352 -4.192019 -4.173492 -2.021323 -5.366095 -4.891023 -7.472135 -5.7745 -4.893558 -3.937114 -4.400689 -4.91379 -3.544031 -3.602595 -5.240726 -4.044174 -4.2641 -2.509161 -1.421049 -4.066912
-1.935914 -4.612674 2.52409 2.118449 -8.580497 1.758327 -0.8853442 -1.01926 3.177778 -1.897112 -1.896538 -1.114273 2.825715 3.415303 0.3337657 -1.14528 0.8695528 3.863695 1.338642 -1.59747 -0.1090737 1.166181 -5.354402 -1.810262 -0.783371 -0.2733676 2.242737 -2.278328 -4.736279 -3.699405 -1.019567 1.477096 1.14029 1.157868 2.250166 0.7773677 1.666467 -3.199378 -3.153961 -4.942445 -4.123174 -2.527487 -1.015904 -1.509685 0.02987445 -2.93424 0.5071783 1.299479 -3.948526 -0.1792203 -0.1984424 0.5313002 2.456275 -0.1181875 -0.8511807 1.524243 -5.508351 -5.499012 -1.903071 -3.899352 -3.393553 -5.086814 -5.257859 -5.073058 0.4709872 0.6548249 2.831796 -5.114455 -7.330399 -7.141795 2.533267 -2.387236 5.007956 -3.461918 -8.151258 -7.019772 -0.9997297 2.071541
-3.735269 0.2009964 -1.973597 -1.319488 0.1363823 1.821352 0.4723238 -1.739943 0.3563205 1.10916 -2.110336 -0.007595685 1.502686 5.393548 0.1672456 -2.537903 -0.7377403 3.045755 -3.235573 0.7337479 -6.391626 -0.5203592 -0.1521878 -1.811317 -4.243226 -1.462574 -0.7877667 1.040431 -3.149951 1.826716 4.875039 -5.934213 -6.767979 -2.832918 -2.646486 0.1797074 1.43634 -3.728861 -4.373738 -3.551835 -4.539042 -6.331034 -3.750599 -2.686935 -3.775173 -0.4372492 -3.946515 -4.907572 -1.921421 -7.549081 -1.86225 -5.001304 0.7685937 -0.6128647 -4.910319 -4.824153 -2.016855 -5.334221 -4.672764 -4.49443 -7.137907 -7.0373 -3.368194 -2.805549 -9.094902 -5.815348 -4.110924 -3.661341 -3.657835 -7.975033 -5.315768 -1.486396 -3.433701 -7.690744 -6.423051 -3.126426 -0.8666725 0.05370965
#  temp_bottom5m : potential temperature, bottom 5m mean
0.3431491 0.3431491 0.3431491 0.3431491 0.3431491 0.3431491 0.3431491 0.3431491 0.3431491 0.3431491 0.3431491 0.3431491 0.3431491 0.3431491 0.3431491 0.3431491 0.3431491 0.3431491 0.3431491 0.3431491 0.3431491 0.3431491 0.3431491 0.3431491 0.3431491 0.3431491 0.3431491 0.3431491 0.3431491 0.3431491 0.3431491 0.3431491 0.3431491 0.3431491 0.3431491 0.3431491 0.3431491 0.3431491 0.3431491 0.3431491 0.3431491 0.3431491 0.3431491 0.3431491 0.3431491 0.3431491 0.3431491 0.3431491 0.3431491 0.3431491 0.3431491 0.3431491 0.3431491 0.3431491 0.3431491 0.3431491 0.3431491 0.3431491 0.3431491 0.3431491 0.3431491 0.3431491 0.3431491 0.3431491 0.3431491 0.3431491 0.3431491 0.3431491 0.3431491 0.3431491 0.3431491 0.3431491 0.3431491 0.3431491 0.3431491 0.3431491 0.3431491 0.3431491
-0.3854699 -0.6677517 0.7766026 1.304647 0.5292879 -0.04630197 1.060696 1.872715 -0.01686874 -0.03949987 -0.3871859 0.6668928 1.122214 -0.2367372 0.09948744 0.115579 0.4258097 0.007764909 -0.5098041 -0.9497221 -0.1690614 0.5624741 0.04551563 0.2882342 0.4497143 0.7226046 0.01688035 -0.09508937 0.8613095 1.043399 0.6189119 -0.181809 0.2599429 0.610775 0.5112319 1.023381 2.204977 1.383386 0.9447905 0.8167548 1.684678 1.111577 0.185701 -0.8374573 -0.3581089 1.454423 0.3074248 0.7803385 -0.05056919 0.8175609 -0.1152364 0.9224698 0.9083823 1.643384 -0.1346745 -0.12512 1.334622 1.586018 0.1735613 0.2051949 1.198808 0.3145866 -0.03554257 -0.3371129 -0.2541525 -0.1807338 -0.005016076 -0.5221493 0.6009332 0.8422579 -0.0007806942 -0.4541058 0.4780892 0.5364709 -0.09019266 1.304484 0.8511889 -0.03028486
1.364545 1.43087 0.12505 0.9392812 -0.1370839 0.7701588 -0.1276019 -0.2226002 0.06663583 -0.1333723 0.4807677 -0.2507413 -0.5393742 0.2870553 0.1011796 -0.1071962 1.710456 1.469904 0.7274308 0.2923363 0.343473 0.380336 0.4597125 1.33396 -0.3720342 -0.08030174 0.8903962 2.230992 2.550849 0.9690626 1.876881 1.592742 0.2505156 -0.1095705 0.3330513 1.144643 0.1206635 0.4336828 1.232474 0.97375 1.009941 2.106106 1.631639 2.907787 1.795068 1.114196 0.9577514 2.851204 2.416489 2.123235 0.9056902 1.78795 2.000361 2.266859 1.768267 2.555592 3.207265 2.67978 2.699889 1.861776 2.511606 3.526482 1.610995 1.81792 2.646184 1.782924 2.75792 3.292723 1.601248 2.733622 3.156694 3.308461 2.674112 2.989504 2.941648 2.761951 3.225514 3.504944
-0.8061208 -1.813597 -1.449354 -0.28181 1.467555 0.1215532 0.7918333 0.1629527 0.9697205 1.983983 -0.2069999 0.9471791 0.2582881 0.1930257 0.4127688 0.9166476 0.7373479 0.2928058 0.3799572 2.655626 1.464459 0.9339618 -0.2753517 1.100554 1.255887 1.176997 0.9432179 1.24448 -0.2240241 0.02958273 1.805576 1.379732 1.119871 1.142622 1.458315 0.2192262 1.61742 0.9302308 -0.04436368 2.646211 1.494934 1.223622 0.5409806 0.6381432 1.274834 -0.06325318 0.2905102 1.548726 1.984795 0.07062186 2.808351 0.9940783 1.846273 1.885956 0.0578421 0.7861544 -0.4959824 -0.03731456 1.232766 0.7657011 2.121748 1.783216 0.03305995 0.006258289 0.7596043 1.052982 1.854056 0.6613916 2.448245 -0.4630041 1.105864 2.869638 0.7792709 1.246975 1.18026 2.367301 2.152039 1.391205
1.324128 -0.8628693 -0.7138053 0.8214064 1.975425 -0.7961616 1.474541 1.214875 0.5124753 1.107298 1.341233 0.6286852 -0.6957357 -0.5179491 2.200432 2.781498 2.953767 0.2925445 2.028323 -0.4629582 0.437556 1.423064 2.2111 1.000068 0.5161543 0.06216602 1.668228 2.625372 1.87374 0.7694617 0.271034 0.2858895 1.319694 1.330729 -0.0283126 1.19556 0.6829096 2.020525 0.7703423 3.100828 0.9708605 1.79435 2.716023 2.946206 2.077495 3.371046 3.053682 1.938242 5.240362 2.709151 1.042383 3.688496 4.09966 4.734032 2.548276 2.989514 3.689139 4.279204 2.962933 2.657373 2.026412 3.508582 2.995005 3.825292 4.436561 3.968199 3.834962 4.251985 4.190626 4.570543 4.936897 4.632067 3.863275 3.403531 2.933718 1.159072 2.841725 4.889847
2.231951 1.359877 1.358056 1.379492 2.043667 0.4446092 0.8044397 0.294133 0.122397 1.701681 1.06446 0.3002743 -0.03712152 -1.016945 -0.5946818 0.6999405 1.792386 1.199414 1.402838 1.971175 1.820482 0.6221652 1.461502 2.786381 2.957643 2.481896 2.603251 2.588722 2.175009 2.870454 0.2213497 -0.753677 0.4996016 0.2973968 0.02764601 1.948297 2.557582 3.278074 2.206858 0.7153987 0.9094885 1.829655 1.171192 1.25875 2.137451 2.189659 2.435913 2.389849 1.929409 2.714299 1.311284 0.9475397 1.626968 0.7333561 1.972834 2.342977 2.499614 2.258009 2.901685 3.344184 3.026203 3.270377 2.120528 2.491435 1.55269 3.37379 2.611115 2.780261 2.005754 2.627396 2.264001 3.459877 3.533028 3.548622 3.564143 3.187795 3.451526 2.149604
0.9148235 0.5313404 0.9594428 0.8581203 1.546395 1.859027 1.213257 1.101626 0.01803828 0.2552889 1.087727 1.272836 0.2024227 0.1260443 1.610274 1.322364 2.359738 1.877477 2.575265 1.861551 1.718016 2.089864 1.798298 2.48756 2.315171 0.9651883 1.253026 1.087899 2.400734 1.95743 2.815571 3.43202 3.328767 3.391439 3.220694 3.451159 3.075131 3.206427 3.532608 3.513465 2.816933 2.816439 2.931781 1.787835 2.741187 2.756232 3.155138 2.771022 3.835253 3.889345 3.998544 3.317447 3.836787 2.993112 4.457551 2.978027 1.759323 2.937459 3.898198 4.451505 4.451529 3.243898 3.692844 4.326841 4.952487 4.365488 4.638321 3.420091 5.618624 5.538019 5.505484 5.692927 4.906941 5.100217 5.123764 4.909138 4.734416 4.660486
#  temp_surface5m : potential temperature, surface 5m mean
0.5840497 0.5840497 0.5840497 0.5840497 0.5840497 0.5840497 0.5840497 0.5840497 0.5840497 0.5840497 0.5840497 0.5840497 0.5840497 0.5840497 0.5840497 0.5840497 0.5840497 0.5840497 0.5840497 0.5840497 0.5840497 0.5840497 0.5840497 0.5840497 0.5840497 0.5840497 0.5840497 0.5840497 0.5840497 0.5840497 0.5840497 0.5840497 0.5840497 0.5840497 0.5840497 0.5840497 0.5840497 0.5840497 0.5840497 0.5840497 0.5840497 0.5840497 0.5840497 0.5840497 0.5840497 0.5840497 0.5840497 0.5840497 0.5840497 0.5840497 0.5840497 0.5840497 0.5840497 0.5840497 0.5840497 0.5840497 0.5840497 0.5840497 0.5840497 0.5840497 0.5840497 0.5840497 0.5840497 0.5840497 0.5840497 0.5840497 0.5840497 0.5840497 0.5840497 0.5840497 0.5840497 0.5840497 0.5840497 0.5840497 0.5840497 0.5840497 0.5840497 0.5840497
-0.6262219 -0.363971 0.4914261 1.624511 0.729601 0.4221871 1.28094 1.434243 0.03816024 0.1752132 -0.3149979 1.023712 1.08755 0.1107042 -0.01650269 0.2541824 0.64835 0.07045218 -0.5041342 -0.7770673 0.1286029 0.4615551 0.3759214 0.6364735 0.297802 1.322436 0.2497772 0.1487889 1.004854 1.056421 0.7465125 0.1581559 0.5549495 0.9637283 1.128767 1.120072 2.555226 2.071302 1.790706 1.042265 2.008275 1.496296 0.3860678 -0.7601464 0.4378036 1.530618 0.3357408 0.8800782 0.1533847 0.5252375 0.1151795 0.8898264 1.061037 1.789217 0.2070324 0.5004118 1.452628 1.5886 0.4711484 0.514459 1.473346 0.9659157 0.283098 -0.08448227 -0.06708442 0.4998282 0.471985 0.3264282 0.9879683 0.9125004 0.09182856 -0.2832447 0.7556658 0.5655875 1.129268 1.890463 0.8848223 -0.3695977
1.468044 1.730189 0.4150389 1.138609 0.8335159 1.382082 0.699436 0.2966848 0.2502035 0.4363848 1.151545 0.04804136 -0.3207986 0.8208829 0.3316573 0.2305213 1.517731 1.870629 0.9864905 0.6526606 0.4989879 0.84136 0.5873667 1.80428 -0.007566013 -0.03818602 1.34298 2.837362 2.545887 1.852439 2.191826 2.381425 1.073378 0.4470152 0.5918837 1.497723 1.30089 1.123408 1.776607 1.521015 1.554213 2.599698 2.300279 3.257484 2.538238 1.599809 1.659952 3.491749 2.981714 2.750645 1.543883 2.283356 2.637793 2.745776 2.476383 2.802154 3.978613 3.466776 3.258637 2.470252 3.035053 4.058933 2.25998 1.60421 2.907406 2.090157 3.370324 3.54427 2.382419 3.78759 3.862233 3.756872 3.152489 3.856008 3.643473 3.585156 3.829855 4.331548
0.1489285 -1.137518 -1.008012 -0.1594351 1.914573 0.8314749 0.8566565 1.411217 1.333678 2.382929 0.1227723 1.882209 0.7377643 0.5164994 1.10147 0.8301466 1.011825 1.320774 0.7936614 2.61418 2.359436 2.283686 0.2031824 1.659038 1.974859 2.023852 1.484614 2.159948 0.6978665 0.5492843 1.911297 1.651349 1.644871 1.92762 2.245828 0.5540969 2.365398 1.913391 1.354978 3.127174 1.891586 1.705777 0.9666074 1.429484 1.560891 1.21741 1.026885 2.195964 2.297033 0.9227407 3.053066 1.617762 2.631601 2.478586 0.7875115 0.5967965 0.6884344 1.112952 1.611293 1.559761 2.587611 2.144035 0.3432721 -0.3084188 0.8777147 1.665102 2.684118 1.187475 3.197022 0.5613775 2.078466 3.318469 1.605566 1.602097 1.54541 3.340228 2.550303 1.753124
1.884017 -0.1037038 -0.6780326 0.4789163 2.366044 0.252076 1.631234 1.350586 1.439657 1.973298 1.786365 1.181987 0.05760072 0.203537 2.038518 3.164051 3.096184 1.244109 2.154958 0.5665034 1.720452 2.428513 2.732057 1.719812 0.8869529 -0.003126259 1.072267 3.138971 2.38598 1.181591 0.916225 1.227692 1.62406 2.151398 1.182619 1.250677 1.98587 2.661514 1.855332 3.821996 1.952108 1.805415 2.649201 3.640671 3.001504 4.475267 4.225922 2.887608 5.172046 2.967576 2.131363 4.214715 4.376895 5.018399 3.132978 4.187294 4.427908 4.586913 3.505798 3.607165 3.546813 4.331803 4.025957 4.386723 4.98814 5.103446 4.680677 5.145789 4.756013 5.471008 5.50499 4.865335 4.878916 4.048004 4.242793 2.195071 3.645007 6.117217
2.106141 1.368813 0.8840299 1.298394 2.267988 0.2011938 0.8717726 0.5167923 0.3270582 1.856681 1.33123 0.3089948 0.3016327 -0.6702901 0.1864691 1.251657 1.401845 1.021998 1.417797 1.758513 1.702724 0.9351628 1.864518 2.531746 2.975722 2.610758 2.557515 2.117705 2.380867 2.984176 0.1768099 -0.3745366 0.7461601 0.4637608 0.5726509 1.849885 3.019003 3.647287 2.199572 1.218474 1.076097 2.396357 1.055955 1.559137 2.246017 2.478192 2.512363 2.368086 2.198045 2.585597 1.52942 0.6284156 1.449771 0.9825037 2.251152 2.343212 2.774276 2.489409 2.726067 3.34798 3.125777 3.307582 2.180835 2.672638 1.868657 3.414561 3.25094 3.003409 1.971891 3.059094 2.874272 3.5992 3.859707 3.790832 3.939764 3.237715 3.593329 2.506349
0.9152795 0.6326054 0.9489631 1.122299 1.482798 1.736747 1.41317 0.7761743 0.05322037 0.5857303 1.372008 1.392249 -0.2362848 0.221355 2.238792 1.718637 2.253725 1.502114 2.905195 2.323188 2.354644 2.175661 1.830168 2.302052 2.781787 1.749182 1.187928 1.469326 2.74889 1.94932 2.968663 3.251863 3.643387 3.005443 3.518149 3.251327 2.892413 3.229871 3.899569 3.853078 2.959043 3.322869 2.958083 2.085701 2.792451 2.873597 3.490076 3.423668 3.625768 4.135536 4.138706 3.126296 4.04659 3.427972 4.639646 3.283021 2.192518 3.484013 4.662602 4.307834 4.603065 3.679349 4.035971 4.7179 5.496482 4.960172 4.67514 4.049818 5.315727 6.29495 5.502088 6.032805 4.859811 5.816966 5.701815 5.035105 5.556568 4.937407
#  largeZoop_integrated_Fall : Total On-shelf  large zooplankton concentration,  integrated over depth (NCa, Eup)
-0.06986321 -0.06986321 -0.06986321 -0.06986321 -0.06986321 -0.06986321 -0.06986321 -0.06986321 -0.06986321 -0.06986321 -0.06986321 -0.06986321 -0.06986321 -0.06986321 -0.06986321 -0.06986321 -0.06986321 -0.06986321 -0.06986321 -0.06986321 -0.06986321 -0.06986321 -0.06986321 -0.06986321 -0.06986321 -0.06986321 -0.06986321 -0.06986321 -0.06986321 -0.06986321 -0.06986321 -0.06986321 -0.06986321 -0.06986321 -0.06986321 -0.06986321 -0.06986321 -0.06986321 -0.06986321 -0.06986321 -0.06986321 -0.06986321 -0.06986321 -0.06986321 -0.06986321 -0.06986321 -0.06986321 -0.06986321 -0.06986321 -0.06986321 -0.06986321 -0.06986321 -0.06986321 -0.06986321 -0.06986321 -0.06986321 -0.06986321 -0.06986321 -0.06986321 -0.06986321 -0.06986321 -0.06986321 -0.06986321 -0.06986321 -0.06986321 -0.06986321 -0.06986321 -0.06986321 -0.06986321 -0.06986321 -0.06986321 -0.06986321 -0.06986321 -0.06986321 -0.06986321 -0.06986321 -0.06986321 -0.06986321
2.919498 -0.02075685 2.229125 -3.591293 -0.5772949 -2.277619 -3.28284 1.230366 0.9018665 -3.239197 5.496621 6.954597 4.841079 -3.072413 1.007278 8.155733 -0.4198162 -2.478086 -3.110059 5.696133 4.970104 7.831831 6.138258 -0.2386024 0.9613528 5.198243 7.455435 11.69097 4.133296 12.39097 1.177786 4.683816 0.1404221 3.660703 2.515904 -0.9051178 -7.366874 -9.307503 -9.734455 -7.028239 -11.68726 -7.492444 -3.342036 -0.2125341 -6.062528 -7.558197 -5.492546 -5.804884 -2.629597 -3.931579 -4.275784 0.6715427 -4.087329 -5.749717 -2.108851 -2.782857 -2.364521 -6.482022 -3.979 -3.953112 -3.446213 -3.561706 -4.3809 -0.1197459 -0.7106564 -0.4829584 -3.93691 -0.3253155 -2.259419 -2.993706 -1.544371 -0.1452521 1.022206 3.72891 -1.614583 -4.535305 -1.119401 3.242068
-7.863144 -8.255665 -2.071165 -4.112672 -5.15946 -3.953562 -4.987105 0.8789213 -5.770079 -0.1378905 0.05127286 0.6851775 5.260401 -1.947477 0.2694081 -1.269241 -4.423482 -6.814365 -5.780505 -3.902061 2.463967 -4.115691 -4.256127 -5.379142 3.192973 5.45496 -0.5700129 -7.915356 -6.774743 -5.034079 -6.372125 -6.589371 -4.859049 -3.548652 -0.7190735 -4.23591 -10.77942 -0.38679 -3.274791 -3.459833 -2.619894 -7.063477 -9.352933 -8.307367 -7.027947 -4.770938 -3.731315 -11.33505 -10.1412 -9.71397 -4.91252 -8.27048 -8.304685 -8.12576 -6.496898 -8.363255 -11.8508 -11.42459 -11.15344 -9.232355 -8.539429 -14.17582 -9.951713 -10.52188 -8.140656 -10.21002 -11.39133 -11.67015 -9.665066 -14.24198 -12.43395 -12.09152 -12.75033 -14.73231 -14.08562 -13.94402 -13.50865 -14.0834
-1.490079 4.193889 1.303142 0.08045271 -1.525075 -1.356745 0.7323476 -5.146364 -5.61909 -6.955811 0.7370793 -4.192545 -5.831773 -2.89407 -5.819799 -4.613234 -2.944128 -3.608699 -6.053773 -7.522181 -6.234577 -5.768095 -4.253774 -7.68563 -6.951924 -10.37844 -7.901537 -6.121318 -6.562108 -7.484721 -6.885177 -8.13998 -9.544787 -9.554849 -8.175202 -6.307338 -8.692602 -6.61919 -6.041498 -5.441388 -2.020842 -4.50179 -5.32839 -8.703144 -3.091209 -2.322433 -3.738815 -5.820475 -6.72054 -5.247554 -2.837342 -3.04429 -7.78083 -8.828624 -1.637324 -0.7018847 1.451225 0.2826142 -6.418142 -5.882202 -6.143371 -11.93682 -8.278153 -3.979213 -6.732156 -5.271637 -8.329321 -2.345497 -10.80957 -6.907538 -6.383822 -7.377616 -3.752625 -8.831931 -10.0449 -9.522063 -11.98068 -11.96072
-2.32378 1.420441 2.433566 -0.570885 3.229472 0.4786408 -3.345121 -2.401006 -2.930517 -8.253928 -7.314519 -8.816416 -6.737196 -4.393564 -5.065974 -6.554199 -2.551678 -3.32759 -7.007633 -5.789977 -6.792616 -8.104366 -10.544 -7.257111 -6.217769 -1.167948 0.2534192 6.632581 2.38181 1.509604 2.391343 1.187295 -0.1655835 -3.659385 -2.313354 -2.749522 -4.495121 -4.935872 -1.731222 -5.721094 -4.786035 -1.595981 -5.905594 -5.875621 -6.495548 -8.209854 -9.396508 -8.028002 -10.09251 -4.327362 -6.30663 -9.696462 -10.13476 -11.61495 -9.961399 -9.259888 -10.99278 -11.19558 -11.99901 -10.42341 -7.980042 -10.10024 -11.04288 -11.22146 -14.5657 -12.10157 -11.51784 -11.44285 -12.45646 -13.3036 -12.01591 -9.843422 -10.09251 -8.927206 -9.567297 -7.285396 -8.655104 -11.41153
-6.338146 -3.134407 -0.425902 -2.504754 -7.619669 -0.4025032 -2.978782 -0.4422772 -1.02128 -5.791879 -0.1934461 -3.808695 2.899417 4.53176 -0.6354393 -0.7034522 -1.109534 -2.439709 -4.305551 1.549615 -2.130383 4.840609 -6.655219 -0.5349417 -5.8009 -0.5912466 0.855155 -6.540309 -5.81738 -2.541079 -1.926547 1.197212 -4.090393 1.797405 2.581296 -8.481906 -5.191433 -6.571994 -8.199296 -9.95117 -5.913504 -6.601153 -3.931684 -2.064087 -6.780143 -2.585316 -8.052781 0.2415598 -5.135606 -3.897721 -3.461256 1.269436 -7.777398 -5.99325 -3.66152 1.732208 -5.164022 -7.546748 -9.720378 -8.603403 -7.325089 -6.974016 -9.841844 -6.31041 -3.631396 -7.731099 -6.637224 -9.348442 -6.987686 -6.465474 -7.81562 -6.834735 -5.64573 -8.818153 -10.31409 -12.56481 -9.94556 -7.781062
-7.367009 1.371279 -3.144821 0.1366513 -2.921489 -1.538745 3.139426 -2.980277 -1.696746 -3.800185 1.99467 5.682911 -0.04205777 6.749673 -6.787332 -6.91635 -4.205798 -7.950339 -7.012419 -2.261324 -9.332108 -7.583941 -2.560879 -0.3623762 -6.217971 -4.280913 -3.959278 -5.199872 -1.444803 1.121492 -4.348587 -4.777525 -8.052882 -3.433593 -7.889017 -5.29041 -3.673481 -5.153319 -9.984318 -10.07355 -7.657718 -10.30619 -5.292081 -5.867433 -6.064022 -0.6586674 -9.861949 -11.6925 -7.294027 -8.838783 -9.425287 -9.301704 -6.615441 -2.447399 -9.029003 -5.848249 -4.855129 -9.449888 -12.87824 -10.47181 -8.426308 -10.43774 -9.644705 -13.20796 -12.38238 -5.498827 -8.561722 -9.493123 -8.08987 -9.657191 -8.753232 -9.732282 -9.808942 -11.12716 -11.5122 -11.2854 -12.63354 -9.240766
#  largeZoop_integrated_Spring : Total On-shelf  large zooplankton concentration,  integrated over depth (NCa, Eup)
7.773403 7.773403 7.773403 7.773403 7.773403 7.773403 7.773403 7.773403 7.773403 7.773403 7.773403 7.773403 7.773403 7.773403 7.773403 7.773403 7.773403 7.773403 7.773403 7.773403 7.773403 7.773403 7.773403 7.773403 7.773403 7.773403 7.773403 7.773403 7.773403 7.773403 7.773403 7.773403 7.773403 7.773403 7.773403 7.773403 7.773403 7.773403 7.773403 7.773403 7.773403 7.773403 7.773403 7.773403 7.773403 7.773403 7.773403 7.773403 7.773403 7.773403 7.773403 7.773403 7.773403 7.773403 7.773403 7.773403 7.773403 7.773403 7.773403 7.773403 7.773403 7.773403 7.773403 7.773403 7.773403 7.773403 7.773403 7.773403 7.773403 7.773403 7.773403 7.773403 7.773403 7.773403 7.773403 7.773403 7.773403 7.773403
1.000893 0.9994773 3.577872 1.915655 3.977818 6.898784 3.983328 5.15631 -1.100889 2.928149 -4.749088 3.900251 1.417793 -0.2086858 3.981231 1.096303 3.278544 0.4101579 -4.61575 -7.568608 1.426481 2.817211 3.057015 -0.6537613 -0.5396485 4.67983 -1.556766 3.136164 4.817331 2.254482 3.302445 -0.6644546 0.05247395 2.774543 0.6843217 0.4489344 2.133391 4.252728 4.50629 1.645199 2.406984 1.390673 0.125843 -6.80071 4.625627 2.742487 -0.2539939 6.186901 4.575014 2.999576 -1.453407 1.658514 2.444098 4.880201 3.031607 1.127919 1.994462 2.581044 3.893459 3.103781 4.622033 -0.6567292 0.02351214 0.1085277 6.745392 4.994853 1.630808 0.7162524 4.170134 5.753588 0.3118916 -0.1441814 3.904846 0.322448 -3.13348 2.410472 2.514976 -1.742838
5.373256 4.217297 2.461 3.970746 -1.73872 4.198747 5.744201 0.9709683 4.320233 2.401357 5.711807 1.218928 -3.488124 3.759403 -0.1884043 0.948472 8.625754 3.42746 1.513167 5.311913 4.618643 5.928971 1.278833 1.655024 -6.268894 2.826795 1.561002 2.195383 7.352425 1.734935 4.908888 8.489173 1.009796 -0.9325384 -0.8347279 2.96278 0.3631586 3.497954 3.791891 3.262092 3.580683 0.2557508 4.042718 4.170924 4.629618 3.477469 -1.333633 2.96492 4.023214 3.723837 3.166215 3.445532 4.922253 4.095468 4.427615 6.654983 2.82058 2.272918 4.798619 4.88463 1.787155 1.187259 2.518959 3.822606 6.303531 1.868479 5.337075 4.737058 1.653129 1.688821 4.089985 4.153818 3.863888 1.159215 1.549655 2.907597 2.12563 0.8271561
-10.45477 -16.15288 -8.823767 -0.7271403 10.14478 1.198073 4.341127 -1.970722 4.024832 5.736195 -1.513886 2.10233 -3.679031 1.105959 0.8277965 3.021996 3.123215 -0.3477021 2.686865 9.46363 2.5603 2.284449 2.321313 4.189852 0.9006762 0.9748118 1.772991 1.916776 -4.42388 -0.5205528 7.458363 2.058281 3.622253 3.563442 3.955396 -3.13445 2.243456 5.126352 -0.02684227 5.813326 -2.727408 -1.437927 0.8683166 2.963752 2.334965 2.104362 0.1392023 3.422913 4.244967 -0.3524575 5.776088 -1.400318 3.210435 5.230208 1.034912 0.8180168 -6.224882 -2.51644 4.86057 4.015712 1.349042 -0.3606862 -0.03195561 -0.4940542 3.791132 3.865387 3.928162 -0.3425345 1.34258 -2.448212 6.988705 7.031624 -1.061781 4.179341 2.68044 6.814204 3.343417 5.655662
-0.5150204 -9.211785 -2.697413 2.973954 7.792702 -7.120305 8.278201 1.467449 -0.2981921 2.589878 -2.402167 -0.9580328 -8.140135 -2.973284 8.288482 9.12335 7.415466 -0.3891832 1.575261 -2.861041 -1.077025 7.322548 4.249864 0.7484089 0.3974959 -3.319937 4.031888 6.329167 -1.745024 -2.109029 2.387116 4.345683 4.460268 0.2272987 -3.25683 2.72308 5.764245 2.550695 -0.585409 5.47277 -2.898617 3.543561 3.302983 3.835385 2.933979 2.249489 -0.3201731 1.572328 6.465009 2.55708 -0.9669917 6.165005 2.79593 6.13137 4.1602 5.583766 3.170131 4.83125 3.251888 4.435755 0.2676993 8.318168 1.430719 1.90402 4.740114 5.580154 3.691497 6.016304 6.379542 5.856392 8.53211 5.250861 0.5691753 1.714029 1.929169 3.04081 6.835368 6.249708
4.14668 -2.194634 6.390652 7.847278 -3.21892 1.148701 2.712361 -1.576552 3.139615 3.775945 1.035937 1.185149 2.435506 -1.695915 1.444673 1.3054 5.633404 7.728015 6.242805 1.800553 3.503503 1.47929 -1.219472 2.075149 4.246456 6.193154 8.454048 4.826582 -1.693724 2.46933 -1.9199 -1.074019 3.890078 1.228253 1.204902 5.57571 7.56835 3.868973 3.613604 -1.668894 0.3409961 2.040214 3.681501 2.602031 6.731274 0.7581527 6.070168 5.120212 0.6341582 6.056964 2.963491 1.2125 6.046814 0.1482466 4.621651 4.685231 -0.4686073 1.611471 6.778784 4.749093 3.302142 1.344584 1.70991 -0.3609069 5.484163 7.999466 7.804333 0.9921413 -1.581322 -1.477947 8.572856 4.603999 11.0782 3.966537 -1.350378 1.245352 6.438391 8.315554
-1.872024 0.5704696 1.804031 3.082352 6.096803 5.678397 2.746473 1.439774 2.493431 4.302193 -0.1584028 -0.6326584 -0.1278519 3.852412 6.164094 2.486243 1.248188 8.350169 2.053923 4.679893 -1.553763 5.783701 3.513185 4.52079 -0.3073287 0.6589812 2.220412 3.320141 1.056424 3.014669 12.41773 1.299412 0.7702104 2.38056 5.292224 5.562226 7.612094 1.883447 3.749457 3.530786 1.751803 -0.3916906 1.104913 2.185308 2.322371 3.994009 2.261704 1.793914 5.181827 0.1106693 5.545732 0.1569498 6.73026 4.023159 3.502846 -0.8445246 2.724836 1.970002 2.442927 4.419786 1.114133 0.01863686 6.088527 6.305577 -0.07968553 1.549426 3.775131 3.770983 4.954287 0.8341904 5.610922 7.955755 5.632165 2.066083 2.488981 5.68818 7.566994 6.582198
#  largeZoop_integrated_Summer : Total On-shelf  large zooplankton concentration,  integrated over depth (NCa, Eup)
-0.6512955 -0.6512955 -0.6512955 -0.6512955 -0.6512955 -0.6512955 -0.6512955 -0.6512955 -0.6512955 -0.6512955 -0.6512955 -0.6512955 -0.6512955 -0.6512955 -0.6512955 -0.6512955 -0.6512955 -0.6512955 -0.6512955 -0.6512955 -0.6512955 -0.6512955 -0.6512955 -0.6512955 -0.6512955 -0.6512955 -0.6512955 -0.6512955 -0.6512955 -0.6512955 -0.6512955 -0.6512955 -0.6512955 -0.6512955 -0.6512955 -0.6512955 -0.6512955 -0.6512955 -0.6512955 -0.6512955 -0.6512955 -0.6512955 -0.6512955 -0.6512955 -0.6512955 -0.6512955 -0.6512955 -0.6512955 -0.6512955 -0.6512955 -0.6512955 -0.6512955 -0.6512955 -0.6512955 -0.6512955 -0.6512955 -0.6512955 -0.6512955 -0.6512955 -0.6512955 -0.6512955 -0.6512955 -0.6512955 -0.6512955 -0.6512955 -0.6512955 -0.6512955 -0.6512955 -0.6512955 -0.6512955 -0.6512955 -0.6512955 -0.6512955 -0.6512955 -0.6512955 -0.6512955 -0.6512955 -0.6512955
2.47766 1.859919 -4.757668 -4.838222 -2.902633 -1.976389 -5.226158 -5.550724 0.06939164 0.7952844 4.841473 -2.082933 -0.7729939 1.814692 1.854474 0.3007749 -2.15299 1.847842 6.015202 6.18257 -0.5853916 -1.056214 1.702336 -3.084761 1.470568 -4.970196 2.549747 2.43107 -1.943376 2.841297 1.068924 3.955702 0.9607046 -1.839032 -2.059785 -2.999049 -9.268472 -10.3909 -7.053064 -10.03121 -10.87734 -7.762309 -7.164866 1.007088 -1.992475 -8.701826 -3.870449 -1.84089 -1.119526 -4.125837 1.996708 -3.535726 -1.347221 -8.535761 1.626357 -1.088127 -6.25049 -8.396922 -3.326847 -2.566019 -7.0034 -4.606828 -0.1656201 1.104638 -3.541005 -2.414634 0.567511 5.852848 -5.247576 -5.259982 0.7978227 3.637374 -2.19116 0.4952488 0.01503092 -6.883981 -4.015266 2.281755
-8.428957 -6.296819 -3.06133 -7.821933 2.146406 -8.364394 -1.35061 -0.9286853 -6.005454 -2.445298 -3.590259 3.019638 3.883724 -1.764665 0.7888412 -0.01678702 -8.696576 -5.751302 1.379397 0.2344926 -1.111015 -3.768467 -1.614385 -3.888508 4.647258 -1.862066 -5.747374 -7.836435 -4.950602 -1.362955 -8.535872 -7.212292 2.672687 0.6498325 1.672762 -7.76447 -5.585822 -3.427729 -7.921914 -6.812187 -3.782143 -9.917493 -7.612056 -13.60743 -6.05975 -3.554217 -3.378228 -17.36782 -7.497948 -10.86203 -5.083959 -10.71807 -8.945685 -11.96898 -8.625186 -9.352671 -16.31796 -13.57989 -15.68587 -13.89617 -17.66974 -21.66714 -8.320801 -8.477481 -13.41839 -9.325178 -13.03233 -14.23677 -9.931201 -14.92403 -16.81925 -16.69736 -13.34433 -21.54309 -19.52043 -20.02484 -19.18445 -23.47442
4.930997 18.00276 2.55459 1.459975 -3.833558 1.157694 6.291336 1.98391 -5.680171 -7.926231 2.60668 -5.463066 1.579959 1.829113 -3.331308 -4.489582 -2.702871 3.586011 -0.2258387 -13.48429 -11.8206 -3.412542 2.581556 -6.158231 -3.051135 -9.157068 -6.247591 -7.321558 -0.3868923 0.689446 -10.67822 -11.91352 -9.119526 -7.701665 -6.542384 2.429862 -9.071226 -5.546267 2.113178 -9.351713 3.988244 -2.644089 -4.157249 -6.55881 -4.72556 0.7739143 2.659328 -8.714887 -9.58461 -1.393825 -5.152021 2.202171 -2.308157 -13.09883 2.879888 -4.6914 7.835906 6.573881 -7.466022 -6.435732 -11.04648 -12.1721 -5.308928 0.5387292 -10.70043 -3.834788 -6.863375 -2.284974 -9.196581 3.40825 -9.389034 -10.2671 -3.348101 -6.223329 -8.861064 -12.65425 -13.72551 -13.53514
-6.041531 8.307396 5.813428 -2.069357 -5.405456 11.53944 -1.427053 -2.493019 -2.48718 -6.653632 -4.186955 -5.089649 2.551566 4.16597 -16.24319 -7.98741 -6.371316 0.007444391 -5.704723 4.729656 -1.353217 -5.857729 -11.01378 -6.534411 -5.738853 3.726492 -11.33206 -2.323178 3.638518 5.4952 1.66059 0.07677496 0.5857575 -1.172138 7.910547 -0.4480871 -0.01215595 -7.066528 -0.5796468 -9.748668 2.947581 -0.3065054 -8.159181 -8.698176 -5.194578 -11.00882 -6.499105 -10.67271 -22.82517 -5.764344 -4.367569 -10.13067 -6.97422 -15.92098 -8.182358 -11.1677 -11.93645 -17.86738 -15.27455 -14.88573 -7.711458 -12.46977 -10.37078 -13.77705 -24.24031 -22.94616 -15.00002 -14.58759 -15.23476 -18.65237 -19.15244 -13.78829 -10.70382 -8.484741 -11.27404 -5.317207 -12.20103 -17.90756
-11.65215 -4.639761 -8.73962 -9.218886 -14.14721 3.077442 -3.83182 -0.7944122 3.507986 -10.42079 -7.350003 -2.359389 3.499694 8.262692 -0.5184947 -5.954376 -8.443668 -2.421928 -5.841839 -9.140327 -7.082858 -2.172004 -9.714914 -7.164238 -9.419062 -13.74392 -11.46455 -12.77039 -6.641482 -12.95711 2.029933 6.59826 -1.341332 0.005959159 3.973122 -6.212907 -10.47278 -15.15932 -12.72465 -4.771613 -7.26265 -8.695321 -7.581564 -7.081115 -10.63086 -7.881297 -6.768993 -6.679861 -9.978006 -11.55581 -4.451541 0.7904663 -2.651656 2.771756 -9.988955 -6.600391 -12.23923 -13.19502 -15.95296 -18.09361 -13.03354 -14.4224 -11.96306 -10.93495 -7.81146 -11.35689 -4.835698 -11.77357 -11.70007 -15.09967 -7.742638 -14.17658 -9.052416 -14.72089 -16.26828 -19.06722 -15.2752 -6.850268
-2.872786 0.4233975 -6.67242 -10.51233 -10.93258 -5.353351 -4.34885 -6.863258 -2.728324 -2.954935 -5.874384 -1.975529 6.869488 2.011925 -9.407871 -8.194133 -3.780105 -4.013476 -9.856184 -8.041834 -10.06319 -9.761493 -5.594116 -12.37529 -9.27231 -2.317645 -3.53355 -1.11494 -9.624056 0.159233 -11.10109 -19.13253 -19.40983 -11.50217 -14.57303 -9.706893 -11.54242 -12.60989 -17.03529 -13.11883 -10.93011 -13.91069 -11.7075 -8.289057 -12.46838 -9.279618 -10.05377 -13.17616 -14.06834 -19.1598 -14.46257 -8.43125 -10.06989 -8.592195 -18.94527 -8.429084 -7.619729 -12.74979 -13.56481 -18.87547 -19.34234 -15.16058 -17.11575 -17.93193 -24.09293 -18.85854 -17.06311 -14.26411 -16.68795 -23.08191 -27.14975 -18.95025 -18.35246 -24.22169 -19.76786 -18.34629 -13.98077 -10.27863
#  largeZoop_integrated_Winter : Total On-shelf  large zooplankton concentration,  integrated over depth (NCa, Eup)
0.8687 0.8687 0.8687 0.8687 0.8687 0.8687 0.8687 0.8687 0.8687 0.8687 0.8687 0.8687 0.8687 0.8687 0.8687 0.8687 0.8687 0.8687 0.8687 0.8687 0.8687 0.8687 0.8687 0.8687 0.8687 0.8687 0.8687 0.8687 0.8687 0.8687 0.8687 0.8687 0.8687 0.8687 0.8687 0.8687 0.8687 0.8687 0.8687 0.8687 0.8687 0.8687 0.8687 0.8687 0.8687 0.8687 0.8687 0.8687 0.8687 0.8687 0.8687 0.8687 0.8687 0.8687 0.8687 0.8687 0.8687 0.8687 0.8687 0.8687 0.8687 0.8687 0.8687 0.8687 0.8687 0.8687 0.8687 0.8687 0.8687 0.8687 0.8687 0.8687 0.8687 0.8687 0.8687 0.8687 0.8687 0.8687
0.3069882 0.8166723 0.2041438 0.9883173 -0.7003487 0.2206738 -0.02543026 0.9247777 0.925208 0.07050199 -0.4955087 1.839002 2.387464 -0.7775426 0.7068595 1.088471 1.298583 0.2714877 -0.6376114 -1.001566 -0.4608177 1.82544 1.369566 3.674545 1.342862 1.348211 1.597721 6.835142 2.437737 2.774368 2.661502 0.5181477 1.438268 -0.4980741 -0.1869328 0.05958764 2.052023 0.7215981 -0.6188435 -0.818364 -0.03955954 0.01574869 -1.220786 -1.201473 0.2673509 -0.104392 -1.240461 0.7115659 -0.06280511 -0.001345586 -1.239639 -0.6149544 -0.0140714 0.04480594 -0.8212303 -0.7590534 0.5864576 -0.5982372 -0.6574075 -0.5733709 0.8055155 -0.3486345 0.009916403 -1.304273 1.053323 -0.1888086 0.7822638 -0.8609643 0.7440307 0.2703068 0.1032164 -0.298852 1.169262 0.412286 3.233035 0.6951505 -0.3173867 -0.6040536
1.428407 -0.2174909 -0.9579239 -0.1924602 -1.22832 -0.03846928 -1.007672 -0.6982239 -0.3397127 -1.017701 0.5082178 1.961414 -0.6673758 -0.2008086 0.2511289 0.0458144 2.003511 -0.01864823 -0.6596506 0.536667 0.3330255 -0.2471585 -0.8013002 -0.2363825 -1.254726 0.3308456 0.1963558 1.935146 1.895833 -0.7274228 0.9995951 -0.01563466 -1.331645 -0.9779817 -1.138456 -0.6237066 -1.051241 -1.135899 0.3965335 -0.7582548 -0.2007555 0.04791182 -0.4718061 0.9682193 0.007878517 1.115234 -0.5719074 2.317677 0.8199119 -0.523635 -0.2237629 -0.6882405 -0.2800029 0.2579481 0.5848954 0.6887222 1.463436 0.3536158 0.6516418 1.960336 0.004524679 2.526636 -0.3410044 0.8628238 1.028512 0.4318566 1.781687 0.8695005 -0.8648852 -0.8119168 0.9074567 0.4328484 1.019887 0.657855 0.7202406 3.284849 2.351008 3.062509
-0.9008841 -0.9264176 -0.04749343 -0.4013972 0.2727698 -0.9176908 -0.8537788 -0.03931808 -0.8775384 -1.031246 -1.03719 -0.5790477 -0.8960432 -1.090057 -0.7920849 -0.8523577 -0.527159 -0.7710383 -0.7137746 -0.3611026 -1.273334 -0.8592467 -1.050874 -1.116966 -1.068146 -1.139968 -1.148654 -1.07657 -1.121977 -1.199977 -1.005095 -1.091934 -1.194793 -1.175145 -1.183821 -1.293248 -0.8343321 -1.000208 -1.029022 -0.5982681 -0.9961397 -1.137484 -0.7709159 -1.053803 -0.5661818 -0.6791007 -1.085262 -0.8939397 -0.9815889 -0.8422035 -0.4413875 -0.8376853 -0.9883612 -0.8968617 -1.205034 -0.7131044 -0.2803217 -0.9542368 -0.6443666 -1.117443 -1.076651 -1.112283 -1.270079 -1.229941 -0.1834647 -0.4513247 -1.007916 -1.251934 -0.8295568 -1.161308 -1.087568 -0.8107945 -1.035286 -0.7047541 -1.195284 -0.8171797 -1.29373 -1.027226
-0.6956154 -0.9465074 -0.50887 0.942963 1.019039 -1.014383 -0.4705451 -1.016168 -1.17893 -1.111376 -1.339016 -1.247679 -1.324207 -1.060017 -0.1295032 0.650604 -1.001591 -1.21583 -0.8119198 -1.36919 -1.186465 -0.8545945 -1.114168 -1.187785 -1.144822 -0.7043832 0.3387184 0.8090091 -0.1124201 -0.07400144 -0.7552142 -0.6421153 -0.9839425 -1.017435 -0.968361 -0.4614733 -0.8340208 -0.7298201 -1.056576 -0.3822656 -1.010677 -1.009538 -0.1440119 -0.7538977 -0.7896504 -0.9363417 -1.174277 -1.086229 -0.7607436 -0.8893734 -1.133304 -0.8605847 -1.006024 -0.9843041 -1.202297 -1.165429 -0.8929836 -0.9444463 -1.010792 -0.9648048 -1.192232 -0.9437841 -1.259189 -1.118424 -0.8184628 -0.9595333 -0.9505514 -1.122848 -0.9203538 -1.066621 -0.7610043 -1.129156 -1.294627 -1.292591 -1.070438 -1.223495 -0.2131737 -0.7331324
0.957269 -0.4559133 3.261511 0.7279218 0.1610269 0.05132337 -0.5850346 -0.3007043 -0.03547759 0.503391 0.3660632 -0.6569299 -0.5635075 -1.300706 -0.6738357 0.8969646 0.3147223 -0.5714908 -0.211594 0.2733254 1.208741 -0.09629599 0.7390755 -0.1533357 0.4393787 0.2859778 -0.08984315 -0.3473616 0.169378 0.06400554 0.2782552 -1.184097 -0.6726412 0.1266521 -0.041812 -0.02052636 2.442655 1.061178 0.3508571 -0.6290419 -0.1562214 -0.3740907 -0.3081272 -0.9529737 0.4401447 -0.1538356 0.3451571 0.1759613 0.4696025 0.7299414 0.2390842 -0.7737284 -0.2582547 -0.07277596 0.2994934 0.7365722 0.3836169 -0.5316559 0.5278 0.4566941 0.2367292 0.5516357 -0.1869876 -0.5707424 0.2504276 0.590331 0.723511 -0.1448264 -0.7748092 -0.0738625 1.493998 1.11598 3.515862 0.6777707 0.7142899 0.9964354 3.216489 -0.1225122
0.2814939 -0.1005826 -0.4294891 0.5312318 0.4974863 0.2556246 -0.07341126 -0.5333025 0.1254744 -0.1057797 -0.5634318 0.03485591 -1.079939 -0.7464127 0.9110264 -0.1880682 1.87815 -0.07250503 0.5205021 2.121521 -0.07339314 0.4118028 -0.1125395 -0.5761398 0.02068575 -0.377088 -0.5794681 0.5254704 -0.3783342 0.1075005 1.567553 1.036971 1.451101 0.5567598 1.280401 0.4960742 1.920611 0.871172 0.8633403 0.4215558 -0.02665587 0.4124184 1.651667 -0.3656463 0.1511217 0.5022859 -0.6546506 0.7414765 1.32413 0.7795471 1.861726 0.3024726 0.6978911 0.3048204 1.021122 -0.07430796 -0.689603 -0.3986267 0.6908392 0.7261871 -0.1391982 -0.2275319 0.336937 0.7491755 1.533871 0.9904224 1.052348 0.3913495 0.9117125 0.7859287 0.9938072 1.54677 0.5488259 0.7574856 1.023697 1.71912 1.009534 1.451813
#nonScaled_covlist ########################################################## 
#  temp_bottom5m : NA
2.576463 2.576463 2.576463 2.576463 2.576463 2.576463 2.576463 2.576463 2.576463 2.576463 2.576463 2.576463 2.576463 2.576463 2.576463 2.576463 2.576463 2.576463 2.576463 2.576463 2.576463 2.576463 2.576463 2.576463 2.576463 2.576463 2.576463 2.576463 2.576463 2.576463 2.576463 2.576463 2.576463 2.576463 2.576463 2.576463 2.576463 2.576463 2.576463 2.576463 2.576463 2.576463 2.576463 2.576463 2.576463 2.576463 2.576463 2.576463 2.576463 2.576463 2.576463 2.576463 2.576463 2.576463 2.576463 2.576463 2.576463 2.576463 2.576463 2.576463 2.576463 2.576463 2.576463 2.576463 2.576463 2.576463 2.576463 2.576463 2.576463 2.576463 2.576463 2.576463 2.576463 2.576463 2.576463 2.576463 2.576463 2.576463
2.013673 1.795636 2.911265 3.31913 2.720237 2.275648 3.1307 3.757909 2.298382 2.280902 2.012347 2.826524 3.178217 2.128555 2.388257 2.400686 2.64031 2.31741 1.917636 1.577841 2.180828 2.74587 2.346569 2.534046 2.658774 2.869556 2.32445 2.237964 2.976693 3.11734 2.789463 2.170982 2.512194 2.783178 2.706291 3.101878 4.01455 3.379948 3.041174 2.942278 3.612668 3.170001 2.454849 1.664555 2.034806 3.434818 2.548869 2.91415 2.272352 2.942901 2.222403 3.023933 3.013052 3.580772 2.207389 2.214769 3.342282 3.536462 2.445472 2.469906 3.237379 2.554401 2.283959 2.051024 2.115103 2.171812 2.307538 1.908101 2.775577 2.961977 2.310809 1.960658 2.680691 2.725785 2.241747 3.319004 2.968876 2.28802
3.365395 3.416625 2.408001 3.036919 2.205528 2.906287 2.212851 2.139474 2.362882 2.208394 2.68276 2.117738 1.894796 2.533135 2.389564 2.228613 3.632579 3.446775 2.873284 2.537214 2.576713 2.605186 2.666497 3.341771 2.02405 2.249386 2.99916 4.034644 4.281704 3.059922 3.761126 3.541656 2.504912 2.226779 2.568663 3.195542 2.404613 2.646391 3.263382 3.063543 3.091497 3.938181 3.5717 4.557405 3.697934 3.172024 3.051185 4.5137 4.177923 3.951412 3.010973 3.692436 3.856503 4.062348 3.677232 4.285367 4.788723 4.381291 4.396823 3.749459 4.251392 5.035289 3.555754 3.715584 4.355341 3.688553 4.441646 4.854732 3.548226 4.422879 4.749662 4.866888 4.376913 4.620524 4.583559 4.44476 4.802819 5.018652
1.688759 0.9105782 1.191922 2.09374 3.44496 2.4053 2.923029 2.437278 3.06043 3.843853 2.151524 3.043019 2.510915 2.460506 2.630237 3.019436 2.880944 2.537577 2.604893 4.362634 3.442569 3.03281 2.098729 3.161486 3.281467 3.220532 3.039959 3.272656 2.138374 2.334262 3.70605 3.377126 3.176407 3.19398 3.437824 2.480744 3.560718 3.029928 2.277145 4.355362 3.466108 3.256545 2.729269 2.804318 3.296102 2.262555 2.535804 3.507658 3.84448 2.365961 4.4806 3.079244 3.737485 3.768136 2.35609 2.918643 1.928312 2.28259 3.263608 2.902844 3.950263 3.688779 2.336948 2.316246 2.898135 3.124742 3.743497 2.822275 4.202451 1.953785 3.165588 4.527938 2.913326 3.274583 3.223052 4.13993 3.97366 3.385988
3.334177 1.644926 1.760064 2.945871 3.837243 1.696452 3.450357 3.249789 2.707251 3.166696 3.347389 2.797012 1.774021 1.911345 4.01104 4.459858 4.59292 2.537375 3.878101 1.95382 2.649383 3.410596 4.019279 3.083871 2.710093 2.359429 3.599962 4.339266 3.758701 2.905749 2.52076 2.532235 3.330752 3.339275 2.289543 3.23487 2.838896 3.872078 2.906429 4.706511 3.061311 3.697379 4.409285 4.58708 3.916082 4.915229 4.670095 3.808522 6.3591 4.403977 3.116555 5.16043 5.478015 5.968008 4.279716 4.620531 5.160926 5.616696 4.6 4.363984 3.876625 5.021462 4.624772 5.266091 5.73824 5.376474 5.273561 5.595672 5.548277 5.841728 6.124702 5.88925 5.29543 4.94032 4.577434 3.206686 4.506378 6.08836
4.035385 3.361789 3.360383 3.37694 3.889953 2.654831 2.932766 2.538602 2.405952 3.625801 3.133607 2.543346 2.282739 1.525917 1.852076 2.85205 3.695862 3.237847 3.394973 3.83396 3.717563 2.791976 3.440286 4.46363 4.595914 4.228444 4.322179 4.310957 3.991403 4.528569 2.482384 1.729267 2.697307 2.541123 2.332766 3.816289 4.286904 4.843417 4.016003 2.86399 3.013907 3.724649 3.216048 3.283678 3.962392 4.002718 4.192926 4.157346 3.8017 4.407954 3.324256 3.043298 3.568092 2.877861 3.835241 4.121142 4.242129 4.055512 4.552691 4.894481 4.64887 4.837472 3.949321 4.235812 3.51072 4.917348 4.328253 4.458903 3.860669 4.340829 4.06014 4.983843 5.040345 5.05239 5.064378 4.773685 4.977392 3.97178
3.018027 2.721823 3.052492 2.974229 3.505857 3.747336 3.248539 3.162315 2.325345 2.508599 3.151579 3.294559 2.467765 2.408769 3.555197 3.332814 4.134088 3.761587 4.300562 3.749286 3.638419 3.925636 3.700429 4.232819 4.099665 3.056929 3.279257 3.151712 4.165754 3.823343 4.486176 4.962326 4.882573 4.930981 4.799096 4.977108 4.686663 4.788076 5.04002 5.025234 4.487229 4.486847 4.575938 3.692347 4.428722 4.440343 4.74846 4.451767 5.273786 5.315567 5.399913 4.873829 5.27497 4.62331 5.754452 4.611658 3.670324 4.580324 5.322405 5.749782 5.749801 4.817019 5.163788 5.653491 6.136744 5.683342 5.89408 4.953112 6.651272 6.589012 6.563882 6.708665 6.101564 6.250851 6.269039 6.103261 5.968304 5.9112
#  temp_surface5m : Total On-shelf  large zooplankton concentration,  integrated over depth (NCa, Eup)
4.89631 4.89631 4.89631 4.89631 4.89631 4.89631 4.89631 4.89631 4.89631 4.89631 4.89631 4.89631 4.89631 4.89631 4.89631 4.89631 4.89631 4.89631 4.89631 4.89631 4.89631 4.89631 4.89631 4.89631 4.89631 4.89631 4.89631 4.89631 4.89631 4.89631 4.89631 4.89631 4.89631 4.89631 4.89631 4.89631 4.89631 4.89631 4.89631 4.89631 4.89631 4.89631 4.89631 4.89631 4.89631 4.89631 4.89631 4.89631 4.89631 4.89631 4.89631 4.89631 4.89631 4.89631 4.89631 4.89631 4.89631 4.89631 4.89631 4.89631 4.89631 4.89631 4.89631 4.89631 4.89631 4.89631 4.89631 4.89631 4.89631 4.89631 4.89631 4.89631 4.89631 4.89631 4.89631 4.89631 4.89631 4.89631
3.919259 4.130974 4.821535 5.736274 5.013814 4.765639 5.458909 5.582671 4.455614 4.566257 4.17051 5.25125 5.302786 4.514179 4.411485 4.630009 4.94822 4.481683 4.01782 3.797482 4.528628 4.797421 4.728288 4.938632 4.665223 5.492409 4.626452 4.544925 5.236025 5.277655 5.027466 4.552487 4.872818 5.202825 5.336061 5.329041 6.487639 6.096968 5.870443 5.266227 6.046087 5.632766 4.73648 3.811142 4.778246 5.660474 4.695851 5.135294 4.548635 4.848831 4.517792 5.143164 5.281382 5.869241 4.591945 4.82879 5.597513 5.707283 4.805165 4.84013 5.614239 5.20459 4.653352 4.356605 4.37065 4.828318 4.805841 4.688333 5.222394 5.161468 4.498941 4.196144 5.034856 4.881406 5.336465 5.950977 5.139124 4.126431
5.609959 5.821588 4.759868 5.344006 5.097704 5.540561 4.989462 4.664321 4.626797 4.777101 5.354449 4.463591 4.165827 5.087506 4.692554 4.610907 5.650071 5.934965 5.221201 4.9517 4.82764 5.104037 4.898988 5.881401 4.418699 4.39398 5.508994 6.715408 6.4801 5.92028 6.194267 6.34733 5.291345 4.785682 4.902635 5.633918 5.475015 5.331734 5.859061 5.652722 5.679522 6.523542 6.281821 7.054572 6.473925 5.716332 5.764886 7.243694 6.831943 6.645401 5.671183 6.26816 6.554296 6.641471 6.423989 6.686985 7.636739 7.223533 7.055503 6.41904 6.875004 7.701581 6.249288 5.719885 6.771954 6.112189 7.145668 7.286094 6.348132 7.482527 7.542785 7.457728 6.969809 7.53776 7.366181 7.319101 7.516646 7.921663
4.545037 3.50649 3.61104 4.296096 5.970441 5.096057 5.116386 5.564082 5.501485 6.348545 4.523921 5.944314 5.020404 4.841777 5.314023 5.094984 5.241653 5.491068 5.06553 6.535233 6.329578 6.268426 4.588836 5.764148 6.01911 6.058662 5.623335 6.168532 4.988195 4.868244 5.967796 5.757941 5.752711 5.980974 6.237863 4.872129 6.334391 5.969487 5.51868 6.949373 5.951884 5.80188 5.205149 5.578829 5.684914 5.407621 5.253811 6.197607 6.279201 5.169735 6.889545 5.730825 6.549297 6.425768 5.060565 4.906601 4.98058 5.323293 5.725603 5.684002 6.513784 6.155686 4.701931 4.175821 5.133386 5.769043 6.591694 5.383455 7.005761 4.878007 6.102752 7.103805 5.72098 5.718179 5.672415 7.121371 6.483665 5.840104
5.945773 4.341087 3.877432 4.811436 6.334913 4.628308 5.741701 5.515134 5.587041 6.017849 5.866938 5.379025 4.471308 4.589123 6.070501 6.979144 6.924355 5.429176 6.164503 4.882145 5.813727 6.385344 6.630395 5.813211 5.140844 4.422284 5.290448 6.958896 6.351007 5.378705 5.164475 5.415923 5.73591 6.161629 5.379535 5.434478 6.027999 6.573446 5.922616 7.510302 6.000742 5.882317 6.563506 7.363919 6.84792 8.037687 7.836391 6.755971 8.600196 6.82053 6.145455 7.827344 7.958272 8.476157 6.954058 7.805207 7.999454 8.127819 7.255036 7.336869 7.288147 7.921869 7.67496 7.966206 8.451729 8.544815 8.203514 8.578999 8.264334 8.841548 8.868982 8.352589 8.363553 7.692758 7.850011 6.196887 7.367419 9.363232
6.125094 5.529849 5.138484 5.473 6.255752 4.587231 5.128589 4.842014 4.688841 5.923705 5.499509 4.674259 4.668315 3.883683 4.575344 5.435269 5.556516 5.249866 5.569394 5.844454 5.799416 5.179764 5.930032 6.468684 6.827106 6.532471 6.489487 6.134429 6.34688 6.83393 4.567546 4.122444 5.027182 4.799201 4.887108 5.918219 6.862046 7.36926 6.20052 5.408481 5.29354 6.359385 5.277279 5.683498 6.238015 6.42545 6.453036 6.336562 6.199287 6.512158 5.659507 4.932127 5.595207 5.217982 6.242161 6.316481 6.664478 6.434506 6.625559 7.12763 6.948245 7.095016 6.185394 6.582426 5.933373 7.18138 7.049289 6.849457 6.016714 6.894411 6.745205 7.330439 7.540746 7.485144 7.605376 7.038613 7.325699 6.448181
5.163712 4.935509 5.190905 5.330839 5.621869 5.826882 5.565659 5.051412 4.467772 4.897667 5.532428 5.548769 4.234055 4.603507 6.232183 5.812262 6.244238 5.637463 6.770169 6.300316 6.32571 6.181217 5.902301 6.283252 6.670542 5.836921 5.383821 5.610994 6.643984 5.998492 6.821407 7.050034 7.366111 6.851099 7.265006 7.049601 6.75985 7.03228 7.572926 7.535394 6.813641 7.107357 6.812866 6.108593 6.679151 6.74466 7.242343 7.188732 7.351888 7.763423 7.765982 6.948664 7.691617 7.192207 8.170391 7.075188 6.194826 7.237448 8.188923 7.902519 8.140859 7.395143 7.683044 8.233565 8.862113 8.429151 8.199045 7.694223 8.71619 9.506716 8.866639 9.295087 8.348129 9.12084 9.027878 8.489644 8.910621 8.410773
# predator  1 ; prey  1
1 1 1 1 1 1 1 1 1 1 1 1 1 1 1 1 1 1 1 1 1 1 1 1 1 1 1 1 1 1 1 1 1 1 1 1 1 1 1 1 1 1 1 1 1 1 1 1 1 1 1 1 1 1 1 1 1 1 1 1 1 1 1 1 1 1 1 1 1 1 1 1 1 1 1 1 1 1
1 1 1 1 1 1 1 1 1 1 1 1 1 1 1 1 1 1 1 1 1 1 1 1 1 1 1 1 1 1 1 1 1 1 1 1 1 1 1 1 1 1 1 1 1 1 1 1 1 1 1 1 1 1 1 1 1 1 1 1 1 1 1 1 1 1 1 1 1 1 1 1 1 1 1 1 1 1
1 1 1 1 1 1 1 1 1 1 1 1 1 1 1 1 1 1 1 1 1 1 1 1 1 1 1 1 1 1 1 1 1 1 1 1 1 1 1 1 1 1 1 1 1 1 1 1 1 1 1 1 1 1 1 1 1 1 1 1 1 1 1 1 1 1 1 1 1 1 1 1 1 1 1 1 1 1
1 1 1 1 1 1 1 1 1 1 1 1 1 1 1 1 1 1 1 1 1 1 1 1 1 1 1 1 1 1 1 1 1 1 1 1 1 1 1 1 1 1 1 1 1 1 1 1 1 1 1 1 1 1 1 1 1 1 1 1 1 1 1 1 1 1 1 1 1 1 1 1 1 1 1 1 1 1
1 1 1 1 1 1 1 1 1 1 1 1 1 1 1 1 1 1 1 1 1 1 1 1 1 1 1 1 1 1 1 1 1 1 1 1 1 1 1 1 1 1 1 1 1 1 1 1 1 1 1 1 1 1 1 1 1 1 1 1 1 1 1 1 1 1 1 1 1 1 1 1 1 1 1 1 1 1
1 1 1 1 1 1 1 1 1 1 1 1 1 1 1 1 1 1 1 1 1 1 1 1 1 1 1 1 1 1 1 1 1 1 1 1 1 1 1 1 1 1 1 1 1 1 1 1 1 1 1 1 1 1 1 1 1 1 1 1 1 1 1 1 1 1 1 1 1 1 1 1 1 1 1 1 1 1
1 1 1 1 1 1 1 1 1 1 1 1 1 1 1 1 1 1 1 1 1 1 1 1 1 1 1 1 1 1 1 1 1 1 1 1 1 1 1 1 1 1 1 1 1 1 1 1 1 1 1 1 1 1 1 1 1 1 1 1 1 1 1 1 1 1 1 1 1 1 1 1 1 1 1 1 1 1
###########################################################
# predator  1 ; prey  2
1 1 1 1 1 1 1 1 1 1 1 1 1 1 1 1 1 1 1 1 1 1 1 1 1 1 1 1 1 1 1 1 1 1 1 1 1 1 1 1 1 1 1 1 1 1 1 1 1 1 1 1 1 1 1 1 1 1 1 1 1 1 1 1 1 1 1 1 1 1 1 1 1 1 1 1 1 1
1 1 1 1 1 1 1 1 1 1 1 1 1 1 1 1 1 1 1 1 1 1 1 1 1 1 1 1 1 1 1 1 1 1 1 1 1 1 1 1 1 1 1 1 1 1 1 1 1 1 1 1 1 1 1 1 1 1 1 1 1 1 1 1 1 1 1 1 1 1 1 1 1 1 1 1 1 1
1 1 1 1 1 1 1 1 1 1 1 1 1 1 1 1 1 1 1 1 1 1 1 1 1 1 1 1 1 1 1 1 1 1 1 1 1 1 1 1 1 1 1 1 1 1 1 1 1 1 1 1 1 1 1 1 1 1 1 1 1 1 1 1 1 1 1 1 1 1 1 1 1 1 1 1 1 1
1 1 1 1 1 1 1 1 1 1 1 1 1 1 1 1 1 1 1 1 1 1 1 1 1 1 1 1 1 1 1 1 1 1 1 1 1 1 1 1 1 1 1 1 1 1 1 1 1 1 1 1 1 1 1 1 1 1 1 1 1 1 1 1 1 1 1 1 1 1 1 1 1 1 1 1 1 1
1 1 1 1 1 1 1 1 1 1 1 1 1 1 1 1 1 1 1 1 1 1 1 1 1 1 1 1 1 1 1 1 1 1 1 1 1 1 1 1 1 1 1 1 1 1 1 1 1 1 1 1 1 1 1 1 1 1 1 1 1 1 1 1 1 1 1 1 1 1 1 1 1 1 1 1 1 1
1 1 1 1 1 1 1 1 1 1 1 1 1 1 1 1 1 1 1 1 1 1 1 1 1 1 1 1 1 1 1 1 1 1 1 1 1 1 1 1 1 1 1 1 1 1 1 1 1 1 1 1 1 1 1 1 1 1 1 1 1 1 1 1 1 1 1 1 1 1 1 1 1 1 1 1 1 1
1 1 1 1 1 1 1 1 1 1 1 1 1 1 1 1 1 1 1 1 1 1 1 1 1 1 1 1 1 1 1 1 1 1 1 1 1 1 1 1 1 1 1 1 1 1 1 1 1 1 1 1 1 1 1 1 1 1 1 1 1 1 1 1 1 1 1 1 1 1 1 1 1 1 1 1 1 1
###########################################################
# predator  1 ; prey  3
1 1 1 1 1 1 1 1 1 1 1 1 1 1 1 1 1 1 1 1 1 1 1 1 1 1 1 1 1 1 1 1 1 1 1 1 1 1 1 1 1 1 1 1 1 1 1 1 1 1 1 1 1 1 1 1 1 1 1 1 1 1 1 1 1 1 1 1 1 1 1 1 1 1 1 1 1 1
1 1 1 1 1 1 1 1 1 1 1 1 1 1 1 1 1 1 1 1 1 1 1 1 1 1 1 1 1 1 1 1 1 1 1 1 1 1 1 1 1 1 1 1 1 1 1 1 1 1 1 1 1 1 1 1 1 1 1 1 1 1 1 1 1 1 1 1 1 1 1 1 1 1 1 1 1 1
1 1 1 1 1 1 1 1 1 1 1 1 1 1 1 1 1 1 1 1 1 1 1 1 1 1 1 1 1 1 1 1 1 1 1 1 1 1 1 1 1 1 1 1 1 1 1 1 1 1 1 1 1 1 1 1 1 1 1 1 1 1 1 1 1 1 1 1 1 1 1 1 1 1 1 1 1 1
1 1 1 1 1 1 1 1 1 1 1 1 1 1 1 1 1 1 1 1 1 1 1 1 1 1 1 1 1 1 1 1 1 1 1 1 1 1 1 1 1 1 1 1 1 1 1 1 1 1 1 1 1 1 1 1 1 1 1 1 1 1 1 1 1 1 1 1 1 1 1 1 1 1 1 1 1 1
1 1 1 1 1 1 1 1 1 1 1 1 1 1 1 1 1 1 1 1 1 1 1 1 1 1 1 1 1 1 1 1 1 1 1 1 1 1 1 1 1 1 1 1 1 1 1 1 1 1 1 1 1 1 1 1 1 1 1 1 1 1 1 1 1 1 1 1 1 1 1 1 1 1 1 1 1 1
1 1 1 1 1 1 1 1 1 1 1 1 1 1 1 1 1 1 1 1 1 1 1 1 1 1 1 1 1 1 1 1 1 1 1 1 1 1 1 1 1 1 1 1 1 1 1 1 1 1 1 1 1 1 1 1 1 1 1 1 1 1 1 1 1 1 1 1 1 1 1 1 1 1 1 1 1 1
1 1 1 1 1 1 1 1 1 1 1 1 1 1 1 1 1 1 1 1 1 1 1 1 1 1 1 1 1 1 1 1 1 1 1 1 1 1 1 1 1 1 1 1 1 1 1 1 1 1 1 1 1 1 1 1 1 1 1 1 1 1 1 1 1 1 1 1 1 1 1 1 1 1 1 1 1 1
###########################################################
# predator  2 ; prey  1
1 1 1 1 1 1 1 1 1 1 1 1 1 1 1 1 1 1 1 1 1 1 1 1 1 1 1 1 1 1 1 1 1 1 1 1 1 1 1 1 1 1 1 1 1 1 1 1 1 1 1 1 1 1 1 1 1 1 1 1 1 1 1 1 1 1 1 1 1 1 1 1 1 1 1 1 1 1
1 1 1 1 1 1 1 1 1 1 1 1 1 1 1 1 1 1 1 1 1 1 1 1 1 1 1 1 1 1 1 1 1 1 1 1 1 1 1 1 1 1 1 1 1 1 1 1 1 1 1 1 1 1 1 1 1 1 1 1 1 1 1 1 1 1 1 1 1 1 1 1 1 1 1 1 1 1
1 1 1 1 1 1 1 1 1 1 1 1 1 1 1 1 1 1 1 1 1 1 1 1 1 1 1 1 1 1 1 1 1 1 1 1 1 1 1 1 1 1 1 1 1 1 1 1 1 1 1 1 1 1 1 1 1 1 1 1 1 1 1 1 1 1 1 1 1 1 1 1 1 1 1 1 1 1
1 1 1 1 1 1 1 1 1 1 1 1 1 1 1 1 1 1 1 1 1 1 1 1 1 1 1 1 1 1 1 1 1 1 1 1 1 1 1 1 1 1 1 1 1 1 1 1 1 1 1 1 1 1 1 1 1 1 1 1 1 1 1 1 1 1 1 1 1 1 1 1 1 1 1 1 1 1
1 1 1 1 1 1 1 1 1 1 1 1 1 1 1 1 1 1 1 1 1 1 1 1 1 1 1 1 1 1 1 1 1 1 1 1 1 1 1 1 1 1 1 1 1 1 1 1 1 1 1 1 1 1 1 1 1 1 1 1 1 1 1 1 1 1 1 1 1 1 1 1 1 1 1 1 1 1
1 1 1 1 1 1 1 1 1 1 1 1 1 1 1 1 1 1 1 1 1 1 1 1 1 1 1 1 1 1 1 1 1 1 1 1 1 1 1 1 1 1 1 1 1 1 1 1 1 1 1 1 1 1 1 1 1 1 1 1 1 1 1 1 1 1 1 1 1 1 1 1 1 1 1 1 1 1
1 1 1 1 1 1 1 1 1 1 1 1 1 1 1 1 1 1 1 1 1 1 1 1 1 1 1 1 1 1 1 1 1 1 1 1 1 1 1 1 1 1 1 1 1 1 1 1 1 1 1 1 1 1 1 1 1 1 1 1 1 1 1 1 1 1 1 1 1 1 1 1 1 1 1 1 1 1
###########################################################
# predator  2 ; prey  2
1 1 1 1 1 1 1 1 1 1 1 1 1 1 1 1 1 1 1 1 1 1 1 1 1 1 1 1 1 1 1 1 1 1 1 1 1 1 1 1 1 1 1 1 1 1 1 1 1 1 1 1 1 1 1 1 1 1 1 1 1 1 1 1 1 1 1 1 1 1 1 1 1 1 1 1 1 1
1 1 1 1 1 1 1 1 1 1 1 1 1 1 1 1 1 1 1 1 1 1 1 1 1 1 1 1 1 1 1 1 1 1 1 1 1 1 1 1 1 1 1 1 1 1 1 1 1 1 1 1 1 1 1 1 1 1 1 1 1 1 1 1 1 1 1 1 1 1 1 1 1 1 1 1 1 1
1 1 1 1 1 1 1 1 1 1 1 1 1 1 1 1 1 1 1 1 1 1 1 1 1 1 1 1 1 1 1 1 1 1 1 1 1 1 1 1 1 1 1 1 1 1 1 1 1 1 1 1 1 1 1 1 1 1 1 1 1 1 1 1 1 1 1 1 1 1 1 1 1 1 1 1 1 1
1 1 1 1 1 1 1 1 1 1 1 1 1 1 1 1 1 1 1 1 1 1 1 1 1 1 1 1 1 1 1 1 1 1 1 1 1 1 1 1 1 1 1 1 1 1 1 1 1 1 1 1 1 1 1 1 1 1 1 1 1 1 1 1 1 1 1 1 1 1 1 1 1 1 1 1 1 1
1 1 1 1 1 1 1 1 1 1 1 1 1 1 1 1 1 1 1 1 1 1 1 1 1 1 1 1 1 1 1 1 1 1 1 1 1 1 1 1 1 1 1 1 1 1 1 1 1 1 1 1 1 1 1 1 1 1 1 1 1 1 1 1 1 1 1 1 1 1 1 1 1 1 1 1 1 1
1 1 1 1 1 1 1 1 1 1 1 1 1 1 1 1 1 1 1 1 1 1 1 1 1 1 1 1 1 1 1 1 1 1 1 1 1 1 1 1 1 1 1 1 1 1 1 1 1 1 1 1 1 1 1 1 1 1 1 1 1 1 1 1 1 1 1 1 1 1 1 1 1 1 1 1 1 1
1 1 1 1 1 1 1 1 1 1 1 1 1 1 1 1 1 1 1 1 1 1 1 1 1 1 1 1 1 1 1 1 1 1 1 1 1 1 1 1 1 1 1 1 1 1 1 1 1 1 1 1 1 1 1 1 1 1 1 1 1 1 1 1 1 1 1 1 1 1 1 1 1 1 1 1 1 1
###########################################################
# predator  2 ; prey  3
1 1 1 1 1 1 1 1 1 1 1 1 1 1 1 1 1 1 1 1 1 1 1 1 1 1 1 1 1 1 1 1 1 1 1 1 1 1 1 1 1 1 1 1 1 1 1 1 1 1 1 1 1 1 1 1 1 1 1 1 1 1 1 1 1 1 1 1 1 1 1 1 1 1 1 1 1 1
1 1 1 1 1 1 1 1 1 1 1 1 1 1 1 1 1 1 1 1 1 1 1 1 1 1 1 1 1 1 1 1 1 1 1 1 1 1 1 1 1 1 1 1 1 1 1 1 1 1 1 1 1 1 1 1 1 1 1 1 1 1 1 1 1 1 1 1 1 1 1 1 1 1 1 1 1 1
1 1 1 1 1 1 1 1 1 1 1 1 1 1 1 1 1 1 1 1 1 1 1 1 1 1 1 1 1 1 1 1 1 1 1 1 1 1 1 1 1 1 1 1 1 1 1 1 1 1 1 1 1 1 1 1 1 1 1 1 1 1 1 1 1 1 1 1 1 1 1 1 1 1 1 1 1 1
1 1 1 1 1 1 1 1 1 1 1 1 1 1 1 1 1 1 1 1 1 1 1 1 1 1 1 1 1 1 1 1 1 1 1 1 1 1 1 1 1 1 1 1 1 1 1 1 1 1 1 1 1 1 1 1 1 1 1 1 1 1 1 1 1 1 1 1 1 1 1 1 1 1 1 1 1 1
1 1 1 1 1 1 1 1 1 1 1 1 1 1 1 1 1 1 1 1 1 1 1 1 1 1 1 1 1 1 1 1 1 1 1 1 1 1 1 1 1 1 1 1 1 1 1 1 1 1 1 1 1 1 1 1 1 1 1 1 1 1 1 1 1 1 1 1 1 1 1 1 1 1 1 1 1 1
1 1 1 1 1 1 1 1 1 1 1 1 1 1 1 1 1 1 1 1 1 1 1 1 1 1 1 1 1 1 1 1 1 1 1 1 1 1 1 1 1 1 1 1 1 1 1 1 1 1 1 1 1 1 1 1 1 1 1 1 1 1 1 1 1 1 1 1 1 1 1 1 1 1 1 1 1 1
1 1 1 1 1 1 1 1 1 1 1 1 1 1 1 1 1 1 1 1 1 1 1 1 1 1 1 1 1 1 1 1 1 1 1 1 1 1 1 1 1 1 1 1 1 1 1 1 1 1 1 1 1 1 1 1 1 1 1 1 1 1 1 1 1 1 1 1 1 1 1 1 1 1 1 1 1 1
###########################################################
# predator  3 ; prey  1
1 1 1 1 1 1 1 1 1 1 1 1 1 1 1 1 1 1 1 1 1 1 1 1 1 1 1 1 1 1 1 1 1 1 1 1 1 1 1 1 1 1 1 1 1 1 1 1 1 1 1 1 1 1 1 1 1 1 1 1 1 1 1 1 1 1 1 1 1 1 1 1 1 1 1 1 1 1
1 1 1 1 1 1 1 1 1 1 1 1 1 1 1 1 1 1 1 1 1 1 1 1 1 1 1 1 1 1 1 1 1 1 1 1 1 1 1 1 1 1 1 1 1 1 1 1 1 1 1 1 1 1 1 1 1 1 1 1 1 1 1 1 1 1 1 1 1 1 1 1 1 1 1 1 1 1
1 1 1 1 1 1 1 1 1 1 1 1 1 1 1 1 1 1 1 1 1 1 1 1 1 1 1 1 1 1 1 1 1 1 1 1 1 1 1 1 1 1 1 1 1 1 1 1 1 1 1 1 1 1 1 1 1 1 1 1 1 1 1 1 1 1 1 1 1 1 1 1 1 1 1 1 1 1
1 1 1 1 1 1 1 1 1 1 1 1 1 1 1 1 1 1 1 1 1 1 1 1 1 1 1 1 1 1 1 1 1 1 1 1 1 1 1 1 1 1 1 1 1 1 1 1 1 1 1 1 1 1 1 1 1 1 1 1 1 1 1 1 1 1 1 1 1 1 1 1 1 1 1 1 1 1
1 1 1 1 1 1 1 1 1 1 1 1 1 1 1 1 1 1 1 1 1 1 1 1 1 1 1 1 1 1 1 1 1 1 1 1 1 1 1 1 1 1 1 1 1 1 1 1 1 1 1 1 1 1 1 1 1 1 1 1 1 1 1 1 1 1 1 1 1 1 1 1 1 1 1 1 1 1
1 1 1 1 1 1 1 1 1 1 1 1 1 1 1 1 1 1 1 1 1 1 1 1 1 1 1 1 1 1 1 1 1 1 1 1 1 1 1 1 1 1 1 1 1 1 1 1 1 1 1 1 1 1 1 1 1 1 1 1 1 1 1 1 1 1 1 1 1 1 1 1 1 1 1 1 1 1
1 1 1 1 1 1 1 1 1 1 1 1 1 1 1 1 1 1 1 1 1 1 1 1 1 1 1 1 1 1 1 1 1 1 1 1 1 1 1 1 1 1 1 1 1 1 1 1 1 1 1 1 1 1 1 1 1 1 1 1 1 1 1 1 1 1 1 1 1 1 1 1 1 1 1 1 1 1
###########################################################
# predator  3 ; prey  2
1 1 1 1 1 1 1 1 1 1 1 1 1 1 1 1 1 1 1 1 1 1 1 1 1 1 1 1 1 1 1 1 1 1 1 1 1 1 1 1 1 1 1 1 1 1 1 1 1 1 1 1 1 1 1 1 1 1 1 1 1 1 1 1 1 1 1 1 1 1 1 1 1 1 1 1 1 1
1 1 1 1 1 1 1 1 1 1 1 1 1 1 1 1 1 1 1 1 1 1 1 1 1 1 1 1 1 1 1 1 1 1 1 1 1 1 1 1 1 1 1 1 1 1 1 1 1 1 1 1 1 1 1 1 1 1 1 1 1 1 1 1 1 1 1 1 1 1 1 1 1 1 1 1 1 1
1 1 1 1 1 1 1 1 1 1 1 1 1 1 1 1 1 1 1 1 1 1 1 1 1 1 1 1 1 1 1 1 1 1 1 1 1 1 1 1 1 1 1 1 1 1 1 1 1 1 1 1 1 1 1 1 1 1 1 1 1 1 1 1 1 1 1 1 1 1 1 1 1 1 1 1 1 1
1 1 1 1 1 1 1 1 1 1 1 1 1 1 1 1 1 1 1 1 1 1 1 1 1 1 1 1 1 1 1 1 1 1 1 1 1 1 1 1 1 1 1 1 1 1 1 1 1 1 1 1 1 1 1 1 1 1 1 1 1 1 1 1 1 1 1 1 1 1 1 1 1 1 1 1 1 1
1 1 1 1 1 1 1 1 1 1 1 1 1 1 1 1 1 1 1 1 1 1 1 1 1 1 1 1 1 1 1 1 1 1 1 1 1 1 1 1 1 1 1 1 1 1 1 1 1 1 1 1 1 1 1 1 1 1 1 1 1 1 1 1 1 1 1 1 1 1 1 1 1 1 1 1 1 1
1 1 1 1 1 1 1 1 1 1 1 1 1 1 1 1 1 1 1 1 1 1 1 1 1 1 1 1 1 1 1 1 1 1 1 1 1 1 1 1 1 1 1 1 1 1 1 1 1 1 1 1 1 1 1 1 1 1 1 1 1 1 1 1 1 1 1 1 1 1 1 1 1 1 1 1 1 1
1 1 1 1 1 1 1 1 1 1 1 1 1 1 1 1 1 1 1 1 1 1 1 1 1 1 1 1 1 1 1 1 1 1 1 1 1 1 1 1 1 1 1 1 1 1 1 1 1 1 1 1 1 1 1 1 1 1 1 1 1 1 1 1 1 1 1 1 1 1 1 1 1 1 1 1 1 1
###########################################################
# predator  3 ; prey  3
1 1 1 1 1 1 1 1 1 1 1 1 1 1 1 1 1 1 1 1 1 1 1 1 1 1 1 1 1 1 1 1 1 1 1 1 1 1 1 1 1 1 1 1 1 1 1 1 1 1 1 1 1 1 1 1 1 1 1 1 1 1 1 1 1 1 1 1 1 1 1 1 1 1 1 1 1 1
1 1 1 1 1 1 1 1 1 1 1 1 1 1 1 1 1 1 1 1 1 1 1 1 1 1 1 1 1 1 1 1 1 1 1 1 1 1 1 1 1 1 1 1 1 1 1 1 1 1 1 1 1 1 1 1 1 1 1 1 1 1 1 1 1 1 1 1 1 1 1 1 1 1 1 1 1 1
1 1 1 1 1 1 1 1 1 1 1 1 1 1 1 1 1 1 1 1 1 1 1 1 1 1 1 1 1 1 1 1 1 1 1 1 1 1 1 1 1 1 1 1 1 1 1 1 1 1 1 1 1 1 1 1 1 1 1 1 1 1 1 1 1 1 1 1 1 1 1 1 1 1 1 1 1 1
1 1 1 1 1 1 1 1 1 1 1 1 1 1 1 1 1 1 1 1 1 1 1 1 1 1 1 1 1 1 1 1 1 1 1 1 1 1 1 1 1 1 1 1 1 1 1 1 1 1 1 1 1 1 1 1 1 1 1 1 1 1 1 1 1 1 1 1 1 1 1 1 1 1 1 1 1 1
1 1 1 1 1 1 1 1 1 1 1 1 1 1 1 1 1 1 1 1 1 1 1 1 1 1 1 1 1 1 1 1 1 1 1 1 1 1 1 1 1 1 1 1 1 1 1 1 1 1 1 1 1 1 1 1 1 1 1 1 1 1 1 1 1 1 1 1 1 1 1 1 1 1 1 1 1 1
1 1 1 1 1 1 1 1 1 1 1 1 1 1 1 1 1 1 1 1 1 1 1 1 1 1 1 1 1 1 1 1 1 1 1 1 1 1 1 1 1 1 1 1 1 1 1 1 1 1 1 1 1 1 1 1 1 1 1 1 1 1 1 1 1 1 1 1 1 1 1 1 1 1 1 1 1 1
1 1 1 1 1 1 1 1 1 1 1 1 1 1 1 1 1 1 1 1 1 1 1 1 1 1 1 1 1 1 1 1 1 1 1 1 1 1 1 1 1 1 1 1 1 1 1 1 1 1 1 1 1 1 1 1 1 1 1 1 1 1 1 1 1 1 1 1 1 1 1 1 1 1 1 1 1 1
###########################################################
#testfile  
12345
