#Covars (covariate phase for each covs - do not alter this line)
# fracbelow2 # largeZoop_integrated # pH_depthavg # temp_bottom5m # temp_surface5m # fracbelow2_Fall # fracbelow2_Spring # fracbelow2_Summer # fracbelow2_Winter # largeZoop_integrated_Fall # largeZoop_integrated_Spring # largeZoop_integrated_Summer # largeZoop_integrated_Winter # pH_depthavg_Fall # pH_depthavg_Spring # pH_depthavg_Summer # pH_depthavg_Winter # temp_bottom5m_Fall # temp_bottom5m_Spring # temp_bottom5m_Summer # temp_bottom5m_Winter # temp_surface5m_Fall # temp_surface5m_Spring # temp_surface5m_Summer # temp_surface5m_Winter
#nTyrs : number years for the zooplankton hindcast data 
43
#hind_years : years for covariates 
1979 1980 1981 1982 1983 1984 1985 1986 1987 1988 1989 1990 1991 1992 1993 1994 1995 1996 1997 1998 1999 2000 2001 2002 2003 2004 2005 2006 2007 2008 2009 2010 2011 2012 2013 2014 2015 2016 2017 2018 2019 2020 2021
#ncov : number of covariates 
25
#COVAR_START ##############################################DO NOT REMOVE THIS LINE OR REC FIT WONT RUN!
#  fracbelow2 : NA
-2.244945 -1.121458 -1.513356 -0.8587904 -1.085954 0.0733698 -0.4053005 0.07009879 -1.055385 -0.2557424 -0.9888574 -0.4072554 -0.06547887 1.156867 -1.118125 -0.2248892 0.9943093 -0.6685682 0.8173109 -0.8328728 1.309936 0.1272147 -0.5343446 -0.5090077 -1.493927 -0.5731724 -0.7020823 0.6285461 1.294973 1.584812 1.56455 1.125531 0.7471099 2.217457 0.7024808 -1.348319 -0.945343 -2.191892 -0.2359245 -2.217512 -2.123383 0.4604303 -0.2582592
#  largeZoop_integrated : Total On-shelf 
             large zooplankton concentration, 
             integrated over depth (NCa, Eup)
0.5882717 0.2615607 -0.5380588 0.6931171 1.320468 -0.3721098 -0.5805767 -0.5265995 -0.1875288 -1.54235 -1.312406 -0.9900557 -1.446668 -1.303526 -0.7553284 -0.07283428 -1.555628 -0.4263591 0.4882615 0.9504708 -0.934319 1.232126 0.3112876 0.2331136 0.09921935 -0.009181127 0.1513306 1.046691 2.280376 -0.3986792 1.09146 1.051528 -0.9659267 0.8470559 1.860068 2.384072 -0.1034348 -0.7551878 1.344462 1.228975 1.903801 0.1607551 0.1607551
#  pH_depthavg : NA
1.09056 1.364021 0.9047602 1.462597 0.9049162 1.021926 1.312313 0.6918493 0.6482948 0.8784981 0.7479694 0.6062496 0.5457418 0.7900252 0.2629675 0.4249051 0.4921985 0.1434085 0.8405381 -0.1278614 -0.2629035 -0.5743011 -0.2159157 -0.284596 -0.4827786 -0.1011493 -0.3077192 -0.705126 -1.256997 -1.78245 -1.747833 -1.325451 -1.251082 -1.174482 -2.442533 -2.078662 -1.492707 -1.621147 -1.148939 -2.474795 -2.62857 -0.2525429 -0.2525429
#  temp_bottom5m : potential temperature, bottom 5m mean
2.731184 1.278848 1.619638 0.7626597 1.14607 -0.2839473 0.3238054 -0.05661732 1.367656 0.1643565 0.7749487 0.402825 -0.1061245 -1.091567 1.269921 0.1479423 -0.8588746 0.4778848 -0.4908667 0.6920875 -1.238201 -0.3008249 0.5683807 0.4394278 1.394325 0.6848275 0.8107549 -0.4914503 -1.128728 -1.65392 -1.512546 -1.170584 -0.9312814 -2.19633 -0.8144952 1.074102 1.13444 2.566648 0.1855517 1.779083 1.835149 -0.3807751 0.2601281
#  temp_surface5m : potential temperature, surface 5m mean
2.033135 0.8219904 1.628102 -0.04208108 1.376689 0.8494756 0.1481924 0.06993222 0.8346985 0.02405899 0.437548 0.4454555 0.241545 -0.5609209 1.103864 -0.007529756 -0.1956296 0.2143784 0.148729 -0.6143225 -1.450243 -0.4688601 0.2209652 0.7749456 1.638256 1.480976 0.9007448 -0.5371386 -0.6619961 -1.694028 -1.398671 -1.084767 -1.338984 -2.433588 -0.8717889 1.693584 1.379112 3.014906 0.6611843 1.534369 2.638839 0.5978399 0.3226898
#  fracbelow2_Fall : NA
-1.059503 -0.9804805 -0.8011749 -1.099242 -1.269225 -0.1611109 -0.9486721 -0.5165779 -0.4687467 -0.1818264 -0.5765019 -0.3755779 -0.302058 1.343992 -1.236923 0.3533541 0.951928 -0.8159803 0.6695518 -0.8218953 1.353096 -0.8905052 0.3636934 -1.068419 -1.290955 -0.5825518 0.003890266 0.6432655 1.099955 1.520757 1.737605 0.9315441 0.6997152 2.477223 0.2388533 -1.609627 -0.7468157 -1.513124 -0.7654421 -1.686427 -1.788443 -0.02283095
#  fracbelow2_Spring : NA
-2.645072 -1.474983 -2.144356 -0.2099056 -1.313121 0.2571787 0.6115627 0.3859298 -1.314405 0.1914916 -1.037843 -0.3200676 -0.2693775 0.7891118 -1.519576 -0.3123715 0.8434741 -0.5339563 0.7933183 -1.04493 1.2355 0.3703212 -0.1629192 -0.5691437 -1.157286 -0.4778233 -0.7002834 0.6557388 1.294828 1.377064 1.259772 1.036787 0.9471716 1.652281 0.8608185 -1.088445 -0.6677343 -2.185426 0.4698691 -2.178471 -2.286551 0.6189954 -0.2372104
#  fracbelow2_Summer : NA
-1.808857 -1.189144 -1.191503 -1.217446 -0.8333365 0.6325055 0.1166311 0.3439895 -0.9666271 -0.6095687 -1.425196 -0.7083795 -0.2107642 1.086085 -1.063208 -0.2572294 1.010971 -0.7549612 0.7411719 -1.050114 1.196089 0.108617 -0.3616371 -0.6355908 -1.256694 -0.4797565 -0.7291461 0.5364008 1.501418 1.359256 1.585032 1.331851 0.5008346 1.9618 0.9276508 -0.8106808 -0.31369 -1.046557 0.2426915 -1.922341 -1.524677 0.5522872
#  fracbelow2_Winter : NA
-2.231918 0.1779206 -1.076364 -0.4046709 -0.051222 -1.014948 -2.162035 -0.2079447 -0.9710836 -0.3632401 0.09247931 0.707397 0.9546449 0.6628997 0.4350626 -0.7925174 0.7237326 -0.2914395 0.6150674 0.4971681 0.6250443 1.475423 -2.400409 1.032577 -1.865148 -0.5503329 -1.303322 0.4091289 0.3872837 1.329451 0.6550768 0.3504741 0.3598364 1.800061 0.1639475 -1.537425 -2.516685 -3.963544 -1.242863 -1.665826 -2.210786 0.3802413 -0.3568763
#  largeZoop_integrated_Fall : Total On-shelf 
             large zooplankton concentration, 
             integrated over depth (NCa, Eup)
-0.1034363 0.2647067 -1.266228 0.4307287 1.296266 -1.300797 -0.9722463 -0.397903 -0.4669703 -0.3128826 -1.431962 -0.8100471 -0.327393 -1.127132 -0.3530264 0.7567027 -0.2244067 -0.7975081 -0.4293217 1.218126 -0.3368044 0.5241002 0.1468096 -0.878291 -0.9830589 -1.308946 -0.3317047 1.454814 2.456848 0.1386201 1.230241 1.364953 0.9410104 1.667669 0.165034 0.5281461 -0.2810977 -0.8356187 0.258193 -2.101355 -1.271183 -0.09283785
#  largeZoop_integrated_Spring : Total On-shelf 
             large zooplankton concentration, 
             integrated over depth (NCa, Eup)
1.531545 0.687491 0.9889142 0.6910321 0.2802486 -0.09134095 0.080708 -0.2511496 0.8169127 -1.165774 0.2239546 -0.1486942 -0.1067721 -0.4057358 0.6878913 -0.8219242 -1.540065 1.603647 1.061244 -0.04549638 -1.203338 0.5884252 -0.248665 1.15596 1.637241 0.821622 0.5052949 -0.6012149 -0.9068535 -1.352545 -0.4243549 -0.5267577 -2.515476 -1.266988 1.792558 2.458062 0.5542549 0.8120493 1.375749 2.609736 3.77052 0.3198028 0.3198028
#  largeZoop_integrated_Summer : Total On-shelf 
             large zooplankton concentration, 
             integrated over depth (NCa, Eup)
-1.732954 -0.6788658 -0.9626075 -0.143908 0.05584204 0.5626994 0.02402571 0.09505626 -0.9717173 -0.2425543 -0.6755268 -1.08075 -1.656108 -0.477219 -1.757135 0.5454489 0.3405654 -2.464171 -0.282553 0.6368447 0.7266515 0.8874605 0.1301412 -0.4085202 -1.355365 0.08458244 -0.1043083 0.9126717 1.77156 0.8730728 1.328126 1.276978 1.4865 1.375437 0.1476463 -0.3238379 -0.8118075 -1.559656 0.1779119 -0.5583475 -1.708142 -0.1589472
#  largeZoop_integrated_Winter : Total On-shelf 
             large zooplankton concentration, 
             integrated over depth (NCa, Eup)
0.07013978 -0.4469928 -0.7201287 -0.5445428 -0.6340614 -0.7053685 -0.5454983 -0.7320135 0.1232954 -0.6745344 -0.5357864 -0.6709955 -0.5255384 -0.6355475 -0.1099186 -0.1948134 -0.4379955 0.3559399 -0.04071509 -0.5950004 -0.02514428 0.175542 -0.4011166 -0.112765 1.045313 -0.01741908 0.1614018 -0.4972021 1.748596 4.630094 0.162841 0.3204621 -0.3901833 0.4093466 1.06045 0.9274281 -0.01356359 0.4571218 0.07677921 -0.1796368 0.8658261 0.0537584 0.0537584
#  pH_depthavg_Fall : NA
1.386358 1.089884 1.139499 1.391466 0.7513598 0.8054846 1.241013 0.4094623 0.6482233 1.117094 0.9413762 0.7157292 0.6422837 1.114315 0.4140452 0.8104252 0.5196957 0.4191072 0.713567 -0.5554113 -0.4421329 -0.5958219 -0.03275733 -0.6479513 -0.5795008 -0.2054248 -0.2819623 -1.098463 -1.464548 -1.63967 -1.3544 -1.458087 -1.123323 -1.279675 -2.124901 -1.934946 -1.542933 -1.287502 -1.289666 -2.745645 -2.666909 -0.245884
#  pH_depthavg_Spring : NA
1.228147 1.300657 0.8313927 1.49047 0.8034002 1.104414 1.156098 0.7218366 0.8535351 0.680293 0.5957056 0.5868665 0.5664497 0.5544 0.3494562 0.2967155 0.1908362 0.2948754 0.7749413 0.1321114 -0.5009935 -0.3034086 -0.2391716 0.1006098 0.02683566 0.0942099 -0.1024305 -0.6846057 -1.340166 -1.928274 -2.043396 -1.565246 -1.195888 -1.451774 -2.150757 -1.475772 -0.8925886 -1.053198 -0.7958851 -1.368424 -1.705323 -0.1478791 -0.1478791
#  pH_depthavg_Summer : NA
0.1111697 0.8257025 0.2161576 1.796653 0.5018436 1.587184 2.090411 0.5542535 0.2275714 0.9858048 0.4275964 -0.09301507 -0.3491149 0.2587632 -0.9130767 -0.2452594 0.8807142 -0.7829446 1.48834 -0.2808593 0.6150463 0.03303821 0.1581773 -0.4525019 -1.149629 0.06376967 -0.1265253 -0.07497813 -0.4329469 -1.430036 -1.298092 -0.5372429 -1.121782 -0.6308932 -2.792129 -2.779806 -1.914674 -2.775732 -1.292981 -4.235842 -4.31793 -0.4196535
#  pH_depthavg_Winter : NA
1.143476 1.75638 0.9916143 1.051125 1.150763 0.6361056 0.8320205 0.8938114 0.5985959 0.6113363 0.8254118 0.8887376 0.8651747 0.806275 0.6870402 0.4920607 0.505852 0.1967125 0.4929402 0.1622909 -0.3444474 -0.9480515 -0.6090297 -0.1307283 -0.3660781 -0.2522404 -0.5641476 -0.5996777 -1.331249 -1.673572 -1.807089 -1.207444 -1.271617 -0.9771697 -2.361706 -1.969102 -1.574695 -1.477132 -0.9246037 -1.673483 -2.076 -0.2085741 -0.2085741
#  temp_bottom5m_Fall : potential temperature, bottom 5m mean
1.783977 1.454534 0.919141 0.9531295 1.431858 -0.07608214 0.6924175 0.5710516 0.9148165 0.1888784 0.5882085 0.3352449 0.3255735 -1.21114 1.749613 -0.3559189 -1.01143 0.09722988 -0.6349212 0.5871063 -1.421516 0.4349419 -0.3794487 1.022832 1.12215 0.47053 0.2472738 -0.4696703 -1.090073 -1.626282 -1.443613 -0.7717794 -0.8171449 -2.433585 -0.3639259 1.175319 1.199417 2.220405 0.4467967 1.377588 1.811456 -0.1668468
#  temp_bottom5m_Spring : potential temperature, bottom 5m mean
2.714027 1.420062 2.047396 0.2203445 1.272023 -0.4383424 -0.5979695 -0.4471223 1.340675 -0.3098104 0.9970434 0.3851865 0.08338165 -0.9739542 1.406485 0.04848408 -0.7617266 0.7189137 -0.3915145 1.077979 -1.138836 -0.2109004 0.3524778 0.6125148 1.192694 0.6466265 0.6994236 -0.407876 -1.109905 -1.416593 -1.375029 -1.236429 -1.070234 -1.752278 -0.8831901 0.9498402 0.6368333 2.320066 -0.3318696 1.646391 2.023569 -0.335558 0.2291261
#  temp_bottom5m_Summer : potential temperature, bottom 5m mean
2.5531 1.499645 1.597962 1.018245 0.9610491 -0.908889 -0.1505545 -0.4022924 1.391308 0.2672385 1.044462 0.6539509 0.02280321 -0.9818594 1.532517 0.2513561 -0.8636562 0.6482401 -0.3770619 0.8989387 -1.14239 -0.2459119 0.1119233 0.5484173 1.063022 0.5264076 0.6295968 -0.6357447 -1.378461 -1.378323 -1.310801 -1.355997 -0.6929401 -1.893082 -0.9491189 0.6399364 0.6105184 1.814853 -0.2489854 1.457277 1.337152 -0.2694758
#  temp_bottom5m_Winter : potential temperature, bottom 5m mean
2.224048 -0.1357306 1.04037 0.5390572 0.1999333 0.7581458 1.785356 0.3466982 1.207632 0.6101895 -0.2242203 -0.5228027 -0.9912388 -0.5177267 -0.5656924 0.7080491 -0.3909966 0.2114828 -0.3123942 -0.3844616 -0.5699686 -1.386363 2.261308 -0.8784557 1.792401 0.9087454 1.527467 -0.2602763 -0.3688029 -1.482701 -1.214462 -0.5800857 -0.6718453 -1.880674 -0.5579375 1.243815 2.123718 3.111191 1.063036 1.604206 1.519219 -0.6164619 0.2922088
#  temp_surface5m_Fall : potential temperature, surface 5m mean
1.404943 1.022541 0.8073957 0.5259773 1.053326 0.9370211 0.3187269 1.143133 0.2125939 0.3557022 0.2413936 -0.1206714 0.6069521 -1.122167 1.597286 -0.5350772 -0.2326308 0.1361375 -0.4171743 -0.4463151 -1.698805 0.8241627 -1.110759 1.479192 1.49485 0.3455162 -0.008673908 0.02474451 -1.267506 -1.694651 -0.923279 -0.3944369 -0.4754677 -2.723636 0.04460001 1.805359 1.818683 3.038679 0.963661 2.146135 2.719289 0.8984827
#  temp_surface5m_Spring : potential temperature, surface 5m mean
1.818491 1.074329 2.229721 -0.3889906 1.460604 0.2109351 -0.6262122 -0.2560451 0.6520514 -0.6557277 0.414902 0.6606618 0.1196218 -0.1024359 1.339514 -0.0171869 -0.2820948 0.8307368 0.5766137 -0.1167135 -1.148562 -0.2768763 0.04950862 0.9311788 1.377511 1.231285 0.6285915 -0.8071987 -1.11178 -1.529339 -0.9954629 -1.557927 -1.099571 -2.038944 -0.7766973 1.152266 0.6968589 2.175858 0.3962481 0.9882476 2.727425 0.8950912 0.2583449
#  temp_surface5m_Summer : potential temperature, surface 5m mean
0.8152584 0.4458358 1.066306 -0.6185551 1.048158 0.6430346 -0.2887739 -0.590094 0.8751559 0.1317256 0.7989447 0.0909545 0.7295185 -0.6258081 0.8666523 -0.1139249 0.1630176 -0.4434049 0.4785087 -0.9407118 -1.38452 -0.5508073 -0.4729314 0.971927 1.502694 2.440529 1.434416 -0.4378313 0.0541771 -0.8912362 -1.180128 -0.6162104 -1.828232 -2.189909 -0.5684769 2.638811 0.8505492 2.84951 0.2655567 0.6098826 2.436295 0.9583937
#  temp_surface5m_Winter : potential temperature, surface 5m mean
2.214562 0.2881988 1.197593 0.8905092 0.5372019 0.9146861 1.817485 0.5037477 1.234685 0.7741747 0.1277481 -0.1783313 -0.5634215 -0.1749273 -0.07442836 0.833117 -0.1107294 0.1183807 -0.3350411 -0.5182766 -0.5404208 -1.447999 1.75541 -0.8070512 1.336124 0.8267605 1.03463 -0.695685 -0.8336991 -1.587942 -1.588737 -0.6668788 -0.7793578 -1.783848 -1.503678 0.1425836 1.82666 2.489748 1.023774 0.9298663 0.861125 -0.8936157 0.2046358
#COVAR_END ##########################################################DO NOT REMOVE THIS LINE OR REC FIT WONT RUN!
#  temp_bottom5m : potential temperature, bottom 5m mean
3.728536 2.896865 3.092016 2.601273 2.820831 2.001941 2.349966 2.13212 2.94772 2.258659 2.608311 2.395217 2.10377 1.539463 2.891753 2.24926 1.672713 2.438199 1.88345 2.560861 1.455494 1.992276 2.490021 2.416177 2.962992 2.556703 2.628815 1.883116 1.518183 1.217436 1.298393 1.494214 1.63125 0.906828 1.698126 2.779619 2.814171 3.634315 2.270796 3.183321 3.215427 1.946493 2.313502
#  temp_surface5m : potential temperature, surface 5m mean
5.615796 4.844305 5.357793 4.293898 5.197645 4.861813 4.415101 4.36525 4.8524 4.336029 4.599418 4.604455 4.474566 3.963401 5.023857 4.315907 4.196089 4.457261 4.415443 3.929384 3.396909 4.022043 4.461457 4.814338 5.364261 5.264075 4.894471 3.97855 3.899017 3.24162 3.42976 3.629715 3.46778 2.770525 3.76538 5.399504 5.199188 6.241177 4.741873 5.298086 6.001625 4.701523 4.526254
########################################################### 
#overlap : pred overlap (2-6/0-6 area)   
# predator  1 ; prey  1
1 1 1 1 1 1 1 1 1 1 1 1 1 1 1 1 1 1 1 1 1 1 1 1 1 1 1 1 1 1 1 1 1 1 1 1 1 1 1 1 1 1 1
# predator  1 ; prey  2
1 1 1 1 1 1 1 1 1 1 1 1 1 1 1 1 1 1 1 1 1 1 1 1 1 1 1 1 1 1 1 1 1 1 1 1 1 1 1 1 1 1 1
# predator  1 ; prey  3
1 1 1 1 1 1 1 1 1 1 1 1 1 1 1 1 1 1 1 1 1 1 1 1 1 1 1 1 1 1 1 1 1 1 1 1 1 1 1 1 1 1 1
# predator  2 ; prey  1
1 1 1 1 1 1 1 1 1 1 1 1 1 1 1 1 1 1 1 1 1 1 1 1 1 1 1 1 1 1 1 1 1 1 1 1 1 1 1 1 1 1 1
# predator  2 ; prey  2
1 1 1 1 1 1 1 1 1 1 1 1 1 1 1 1 1 1 1 1 1 1 1 1 1 1 1 1 1 1 1 1 1 1 1 1 1 1 1 1 1 1 1
# predator  2 ; prey  3
1 1 1 1 1 1 1 1 1 1 1 1 1 1 1 1 1 1 1 1 1 1 1 1 1 1 1 1 1 1 1 1 1 1 1 1 1 1 1 1 1 1 1
# predator  3 ; prey  1
1 1 1 1 1 1 1 1 1 1 1 1 1 1 1 1 1 1 1 1 1 1 1 1 1 1 1 1 1 1 1 1 1 1 1 1 1 1 1 1 1 1 1
# predator  3 ; prey  2
1 1 1 1 1 1 1 1 1 1 1 1 1 1 1 1 1 1 1 1 1 1 1 1 1 1 1 1 1 1 1 1 1 1 1 1 1 1 1 1 1 1 1
# predator  3 ; prey  3
1 1 1 1 1 1 1 1 1 1 1 1 1 1 1 1 1 1 1 1 1 1 1 1 1 1 1 1 1 1 1 1 1 1 1 1 1 1 1 1 1 1 1
#testfile  
12345
